-86,-89,-65
-90,-86,-65
-84,-85,-65
-85,-90,-65
-90,-85,-65
-85,-87,-66
-89,-89,-66
-88,-85,-78
-77,-82,-64
-78,-82,-71
-80,-75,-70
-79,-80,-74
-77,-78,-86
-82,-78,-83
-78,-77,-85
-60,-81,-73
-81,-82,-70
-79,-83,-70
-80,-83,-70
-80,-85,-70
-80,-83,-70
-80,-82,-69
-85,-84,-69
-84,-82,-66
-87,-82,-65
-86,-83,-72
-86,-85,-70
-87,-64,-50
-85,-88,-67
-87,-85,-70
-85,-86,-63
-85,-82,-69
-85,-85,-70
-86,-84,-70
-86,-80,-71
-82,-78,-77
-85,-78,-69
-89,-88,-73
-86,-89,-68
-86,-89,-69
-87,-88,-72
-87,-85,-78
-86,-86,-74
-83,-85,-71
-83,-85,-71
-83,-90,-72
-83,-85,-76
-84,-85,-71
-84,-84,-76
-84,-88,-74
-85,-86,-72
-84,-90,-75
-85,-86,-75
-87,-89,-75
-84,-85,-72
-86,-86,-75
-85,-87,-73
-87,-86,-76
-88,-87,-74
-84,-87,-74
-84,-87,-72
-88,-89,-72
-87,-89,-72
-88,-88,-71
-86,-90,-72
-86,-87,-74
-87,-90,-72
-84,-89,-74
-87,-89,-71
-87,-91,-72
-87,-86,-74
-88,-86,-71
-86,-90,-71
-86,-86,-72
-84,-86,-74
-87,-85,-71
-84,-86,-74
-87,-87,-74
-84,-86,-74
-86,-86,-74
-87,-87,-74
-85,-87,-71
-85,-86,-71
-85,-86,-71
-87,-89,-73
-86,-86,-74
-85,-87,-71
-86,-85,-74
-85,-86,-72
-84,-86,-71
-84,-87,-75
-86,-87,-72
-83,-85,-74
-83,-91,-72
-83,-87,-76
-87,-82,-64
-86,-85,-60
-85,-85,-61
-88,-87,-68
-86,-86,-77
-84,-85,-77
-84,-87,-73
-85,-86,-69
-85,-85,-72
-83,-85,-74
-84,-87,-72
-86,-88,-70
-84,-89,-74
-86,-87,-71
-83,-91,-70
-84,-87,-71
-84,-85,-73
-87,-86,-72
-86,-85,-73
-86,-85,-72
-85,-85,-71
-83,-87,-72
-86,-91,-72
-85,-86,-76
-85,-88,-73
-85,-91,-73
-85,-90,-73
-88,-87,-75
-86,-88,-75
-86,-89,-71
-86,-91,-72
-86,-88,-72
-87,-89,-71
-88,-89,-75
-85,-86,-72
-85,-87,-75
-86,-86,-70
-85,-86,-71
-84,-89,-69
-84,-88,-70
-88,-85,-71
-86,-89,-73
-85,-89,-71
-85,-85,-74
-88,-84,-72
-84,-85,-73
-90,-85,-67
-86,-87,-67
-86,-86,-73
-85,-85,-75
-87,-88,-74
-85,-85,-74
-85,-84,-74
-86,-86,-74
-85,-86,-71
-85,-87,-74
-85,-84,-70
-84,-87,-70
-82,-87,-70
-83,-86,-73
-85,-88,-72
-83,-88,-71
-85,-89,-73
-84,-87,-74
-84,-86,-70
-86,-85,-74
-85,-84,-76
-84,-84,-73
-86,-84,-74
-83,-84,-76
-84,-85,-77
-83,-84,-78
-85,-85,-77
-84,-86,-74
-85,-88,-75
-85,-84,-74
-85,-84,-70
-83,-87,-71
-85,-87,-71
-83,-84,-76
-83,-85,-72
-85,-84,-70
-83,-84,-75
-82,-84,-74
-85,-85,-72
-83,-84,-76
-85,-85,-71
-83,-88,-72
-85,-86,-72
-83,-86,-76
-64,-87,-69
-84,-91,-72
-84,-85,-70
-84,-89,-68
-85,-90,-73
-88,-87,-72
-86,-86,-72
-85,-84,-72
-87,-88,-75
-86,-86,-74
-85,-88,-71
-87,-86,-72
-86,-90,-71
-86,-87,-72
-86,-87,-70
-85,-89,-69
-87,-88,-73
-85,-89,-71
-86,-86,-71
-85,-87,-72
-86,-89,-70
-86,-88,-70
-84,-87,-73
-82,-89,-75
-85,-89,-73
-86,-89,-70
-87,-87,-71
-88,-88,-73
-87,-86,-69
-87,-87,-73
-86,-87,-74
-86,-89,-70
-87,-87,-69
-89,-90,-72
-85,-89,-70
-85,-88,-69
-85,-88,-69
-82,-86,-69
-85,-89,-68
-85,-91,-70
-86,-90,-73
-90,-89,-71
-88,-87,-73
-84,-90,-70
-89,-86,-72
-85,-87,-70
-88,-90,-67
-89,-88,-75
-84,-88,-70
-89,-89,-73
-91,-89,-73
-90,-89,-71
-88,-90,-74
-88,-83,-71
-89,-88,-71
-85,-86,-72
-87,-86,-70
-87,-87,-70
-85,-87,-72
-86,-91,-70
-84,-90,-73
-83,-86,-74
-83,-86,-72
-87,-89,-70
-86,-91,-69
-86,-88,-72
-84,-86,-70
-85,-89,-71
-82,-85,-72
-87,-87,-70
-83,-89,-73
-87,-89,-72
-85,-87,-70
-87,-89,-71
-84,-89,-69
-83,-89,-73
-84,-87,-67
-85,-89,-70
-83,-89,-69
-87,-88,-70
-83,-86,-72
-86,-85,-69
-84,-86,-76
-84,-88,-70
-84,-87,-70
-83,-88,-71
-84,-86,-73
-85,-90,-71
-89,-86,-73
-85,-86,-71
-83,-89,-70
-84,-87,-74
-84,-84,-74
-85,-89,-71
-85,-86,-73
-86,-88,-69
-85,-86,-68
-84,-88,-72
-84,-87,-72
-83,-85,-70
-83,-86,-72
-86,-88,-69
-85,-89,-71
-86,-86,-74
-83,-88,-71
-86,-85,-73
-82,-86,-72
-85,-87,-70
-83,-87,-70
-86,-85,-72
-85,-87,-68
-85,-88,-71
-84,-90,-68
-86,-89,-74
-87,-88,-70
-81,-87,-78
-80,-88,-76
-81,-86,-77
-79,-90,-78
-80,-89,-78
-80,-89,-75
-81,-89,-76
-80,-89,-75
-81,-90,-78
-80,-89,-77
-79,-90,-75
-79,-89,-79
-80,-89,-77
-81,-89,-76
-80,-90,-75
-80,-88,-74
-80,-90,-75
-79,-86,-75
-79,-91,-76
-79,-90,-76
-80,-91,-78
-79,-86,-76
-79,-88,-76
-80,-88,-75
-79,-86,-76
-80,-87,-74
-80,-90,-74
-80,-89,-75
-80,-88,-75
-79,-88,-78
-81,-88,-75
-81,-85,-78
-80,-86,-78
-80,-88,-76
-80,-86,-78
-80,-88,-74
-81,-87,-79
-80,-89,-78
-79,-87,-76
-79,-89,-76
-79,-90,-76
-78,-88,-76
-79,-89,-78
-80,-88,-77
-81,-89,-76
-81,-86,-75
-80,-86,-76
-80,-88,-74
-80,-87,-75
-80,-89,-75
-81,-89,-75
-80,-87,-78
-80,-89,-78
-81,-90,-76
-79,-89,-79
-79,-89,-78
-79,-86,-78
-81,-89,-76
-78,-90,-75
-79,-87,-76
-79,-87,-78
-78,-89,-77
-80,-90,-78
-79,-87,-78
-78,-87,-78
-80,-89,-75
-80,-89,-75
-81,-86,-76
-81,-87,-77
-80,-90,-79
-79,-88,-77
-79,-89,-77
-80,-87,-75
-79,-87,-76
-80,-88,-77
-80,-87,-79
-79,-90,-77
-80,-87,-79
-79,-90,-79
-80,-90,-75
-80,-88,-76
-80,-88,-77
-79,-90,-75
-79,-90,-77
-79,-90,-76
-80,-87,-75
-80,-90,-77
-79,-90,-79
-79,-90,-75
-79,-86,-76
-79,-87,-76
-80,-90,-79
-79,-88,-76
-79,-91,-77
-79,-90,-77
-79,-89,-77
-80,-90,-79
-79,-87,-79
-80,-90,-75
-80,-90,-74
-80,-90,-73
-82,-91,-74
-79,-87,-75
-79,-86,-75
-80,-88,-73
-80,-92,-75
-79,-89,-77
-79,-87,-77
-80,-86,-74
-79,-87,-73
-80,-88,-74
-80,-89,-74
-80,-89,-78
-79,-87,-74
-79,-88,-78
-79,-87,-75
-81,-87,-77
-79,-85,-78
-79,-86,-77
-80,-87,-74
-80,-87,-74
-80,-88,-75
-80,-86,-78
-79,-87,-74
-80,-87,-74
-79,-88,-73
-79,-88,-74
-79,-86,-73
-79,-86,-75
-79,-86,-75
-80,-88,-74
-80,-89,-75
-79,-87,-77
-79,-87,-75
-79,-86,-77
-80,-88,-77
-79,-87,-74
-79,-87,-75
-80,-87,-77
-80,-87,-77
-79,-87,-75
-79,-87,-74
-80,-86,-77
-79,-86,-76
-80,-86,-80
-80,-87,-72
-79,-85,-77
-80,-91,-77
-79,-88,-78
-79,-86,-76
-79,-86,-75
-80,-88,-75
-79,-89,-75
-79,-85,-77
-79,-86,-73
-80,-88,-77
-78,-87,-74
-79,-87,-78
-79,-87,-76
-80,-88,-74
-80,-89,-74
-80,-87,-74
-80,-88,-76
-80,-88,-74
-79,-89,-74
-79,-87,-75
-80,-88,-75
-80,-86,-74
-79,-89,-74
-79,-87,-75
-79,-86,-77
-79,-87,-75
-79,-89,-75
-79,-87,-74
-80,-90,-75
-80,-88,-77
-79,-86,-74
-80,-88,-77
-80,-87,-73
-79,-86,-77
-80,-88,-75
-80,-86,-75
-80,-85,-73
-79,-90,-74
-80,-87,-75
-79,-87,-75
-80,-87,-75
-80,-87,-76
-80,-89,-75
-80,-87,-75
-80,-87,-74
-79,-86,-77
-80,-88,-75
-79,-87,-75
-79,-88,-75
-80,-89,-75
-79,-88,-77
-79,-86,-74
-80,-86,-75
-80,-88,-74
-79,-86,-77
-80,-88,-77
-80,-89,-75
-79,-90,-75
-79,-86,-74
-80,-88,-74
-79,-88,-75
-80,-89,-73
-80,-89,-74
-79,-86,-73
-79,-87,-75
-79,-87,-75
-79,-87,-77
-79,-89,-76
-81,-89,-75
-79,-86,-77
-79,-89,-77
-79,-87,-75
-79,-85,-77
-79,-86,-74
-79,-88,-74
-80,-86,-74
-80,-86,-73
-80,-87,-77
-80,-87,-74
-79,-86,-74
-80,-86,-74
-79,-86,-73
-79,-87,-74
-79,-86,-77
-79,-86,-75
-80,-85,-77
-79,-86,-75
-79,-87,-75
-80,-87,-75
-80,-89,-77
-80,-86,-75
-79,-86,-78
-79,-87,-75
-79,-85,-77
-79,-85,-75
-79,-86,-75
-79,-88,-73
-79,-86,-74
-79,-86,-74
-79,-86,-77
-80,-86,-77
-79,-87,-77
-80,-85,-77
-79,-85,-75
-79,-85,-76
-80,-88,-75
-80,-89,-74
-79,-87,-77
-79,-86,-77
-79,-86,-76
-79,-88,-75
-79,-87,-75
-80,-88,-77
-78,-87,-73
-79,-87,-76
-79,-87,-75
-79,-86,-75
-80,-87,-75
-78,-86,-73
-79,-89,-73
-80,-88,-73
-79,-86,-74
-79,-87,-77
-79,-86,-73
-79,-85,-75
-79,-88,-75
-80,-87,-77
-79,-87,-76
-79,-87,-77
-80,-87,-73
-80,-89,-77
-79,-87,-75
-80,-86,-75
-80,-89,-73
-80,-90,-77
-81,-87,-75
-81,-88,-74
-81,-87,-77
-80,-88,-74
-79,-88,-73
-80,-87,-76
-80,-87,-75
-80,-89,-76
-80,-89,-78
-80,-89,-75
-80,-90,-78
-81,-89,-76
-80,-89,-73
-81,-90,-74
-81,-86,-78
-81,-89,-74
-79,-88,-78
-79,-90,-76
-81,-89,-74
-77,-90,-86
-78,-92,-85
-77,-92,-83
-76,-89,-83
-77,-88,-84
-69,-91,-78
-71,-86,-79
-67,-85,-80
-69,-84,-85
-69,-86,-84
-69,-84,-84
-69,-86,-85
-68,-85,-80
-70,-82,-80
-73,-88,-77
-69,-83,-77
-72,-83,-72
-69,-84,-86
-73,-86,-78
-83,-84,-78
-79,-88,-74
-72,-87,-74
-76,-82,-79
-76,-82,-80
-76,-84,-75
-68,-81,-77
-67,-84,-77
-67,-86,-84
-67,-88,-86
-68,-85,-85
-66,-83,-79
-66,-83,-79
-68,-82,-76
-67,-80,-75
-67,-84,-74
-67,-81,-76
-67,-81,-77
-66,-81,-76
-67,-84,-75
-67,-83,-78
-67,-82,-77
-69,-86,-82
-72,-85,-74
-67,-83,-76
-70,-89,-75
-77,-82,-77
-75,-85,-76
-72,-82,-81
-73,-85,-72
-75,-84,-76
-73,-82,-76
-69,-83,-75
-68,-84,-76
-70,-83,-73
-70,-85,-79
-73,-87,-75
-72,-86,-76
-72,-84,-76
-68,-82,-85
-73,-84,-73
-73,-84,-75
-66,-90,-74
-69,-82,-75
-73,-84,-83
-74,-85,-76
-75,-85,-79
-68,-84,-76
-74,-83,-75
-74,-85,-76
-75,-87,-74
-74,-86,-74
-74,-86,-74
-73,-86,-79
-75,-86,-80
-72,-89,-74
-72,-90,-80
-72,-87,-79
-73,-85,-77
-72,-83,-75
-73,-87,-74
-75,-91,-74
-75,-82,-75
-67,-85,-74
-72,-88,-80
-75,-88,-72
-76,-85,-77
-72,-82,-80
-73,-86,-76
-77,-88,-75
-73,-84,-76
-70,-84,-85
-71,-87,-73
-69,-85,-83
-73,-89,-76
-79,-84,-72
-79,-89,-77
-70,-88,-87
-70,-82,-71
-73,-82,-79
-68,-85,-81
-69,-85,-87
-68,-83,-76
-69,-82,-81
-67,-83,-76
-68,-82,-82
-68,-83,-76
-67,-82,-76
-68,-83,-78
-67,-82,-78
-67,-82,-78
-67,-82,-79
-68,-81,-74
-75,-82,-82
-86,-85,-76
-72,-87,-79
-72,-85,-81
-78,-82,-71
-73,-81,-76
-74,-88,-72
-73,-82,-72
-84,-83,-71
-69,-84,-89
-70,-82,-79
-82,-86,-80
-85,-90,-71
-79,-87,-81
-69,-89,-75
-74,-84,-84
-77,-86,-78
-68,-85,-86
-72,-86,-73
-79,-86,-73
-74,-82,-72
-73,-85,-73
-73,-85,-75
-74,-90,-78
-73,-87,-72
-74,-83,-72
-74,-85,-76
-68,-83,-73
-69,-87,-78
-75,-83,-70
-78,-83,-75
-71,-85,-77
-72,-84,-82
-83,-88,-77
-67,-84,-76
-81,-86,-75
-69,-86,-83
-72,-84,-75
-72,-84,-76
-72,-83,-78
-71,-84,-81
-74,-86,-77
-74,-90,-77
-72,-83,-79
-72,-83,-73
-69,-82,-81
-71,-83,-76
-69,-82,-74
-69,-86,-75
-69,-85,-80
-68,-85,-81
-75,-82,-75
-72,-85,-76
-71,-82,-77
-78,-83,-74
-79,-82,-75
-74,-83,-81
-74,-83,-70
-76,-88,-81
-66,-85,-77
-70,-82,-81
-67,-83,-86
-73,-85,-71
-67,-83,-75
-73,-82,-76
-74,-81,-79
-71,-82,-77
-68,-86,-83
-72,-88,-73
-74,-83,-75
-74,-85,-77
-66,-84,-78
-68,-84,-79
-69,-89,-79
-70,-88,-81
-66,-85,-81
-69,-82,-77
-72,-86,-79
-77,-86,-77
-74,-81,-75
-70,-86,-80
-66,-82,-81
-68,-85,-89
-66,-82,-82
-67,-83,-84
-67,-81,-87
-68,-81,-84
-66,-80,-89
-66,-82,-79
-67,-83,-79
-67,-83,-77
-67,-86,-82
-68,-84,-85
-68,-87,-78
-68,-87,-82
-68,-85,-81
-67,-84,-81
-68,-83,-76
-67,-84,-77
-67,-86,-79
-74,-88,-81
-69,-87,-79
-72,-83,-77
-72,-80,-77
-68,-82,-76
-69,-89,-83
-72,-84,-83
-67,-85,-83
-67,-83,-85
-68,-86,-84
-68,-83,-82
-67,-85,-85
-67,-87,-81
-68,-83,-78
-74,-81,-78
-71,-81,-82
-72,-88,-82
-68,-83,-86
-71,-88,-79
-74,-84,-72
-73,-89,-81
-66,-82,-83
-75,-84,-80
-67,-88,-79
-67,-83,-79
-68,-81,-77
-70,-82,-72
-72,-87,-86
-68,-81,-77
-67,-82,-77
-67,-87,-82
-68,-83,-79
-69,-83,-74
-69,-80,-83
-73,-89,-81
-71,-86,-74
-72,-88,-77
-72,-89,-78
-72,-88,-82
-72,-83,-81
-72,-82,-80
-76,-84,-77
-68,-90,-71
-71,-84,-76
-73,-83,-70
-70,-82,-84
-71,-85,-76
-70,-83,-76
-67,-81,-85
-67,-81,-77
-68,-81,-79
-67,-84,-74
-67,-81,-77
-67,-81,-77
-69,-84,-77
-71,-83,-75
-68,-83,-78
-68,-86,-91
-68,-87,-86
-69,-88,-86
-68,-85,-88
-66,-82,-80
-68,-86,-82
-68,-89,-85
-70,-87,-83
-69,-90,-87
-69,-85,-86
-67,-84,-81
-74,-85,-75
-83,-88,-77
-69,-86,-79
-70,-86,-73
-71,-84,-74
-67,-83,-76
-69,-82,-87
-69,-81,-77
-68,-81,-77
-68,-82,-78
-69,-81,-77
-68,-83,-81
-68,-83,-79
-69,-81,-77
-69,-82,-77
-69,-84,-78
-69,-82,-78
-69,-80,-79
-68,-82,-78
-69,-83,-76
-83,-91,-75
-82,-83,-78
-89,-86,-75
-84,-83,-70
-85,-85,-71
-84,-87,-77
-84,-87,-70
-84,-88,-71
-84,-90,-70
-82,-91,-75
-83,-86,-71
-82,-90,-75
-85,-94,-75
-83,-86,-80
-81,-87,-69
-85,-85,-69
-83,-86,-77
-85,-84,-69
-85,-87,-74
-82,-87,-81
-84,-86,-79
-84,-88,-80
-85,-87,-82
-85,-88,-80
-84,-87,-75
-83,-87,-75
-83,-86,-80
-84,-91,-79
-84,-91,-81
-82,-83,-80
-85,-84,-80
-83,-85,-82
-82,-84,-75
-83,-86,-82
-85,-84,-80
-85,-88,-80
-82,-88,-84
-84,-89,-83
-85,-90,-83
-85,-89,-76
-83,-89,-81
-84,-88,-83
-83,-91,-84
-82,-88,-82
-86,-90,-76
-82,-90,-83
-83,-89,-83
-85,-88,-81
-84,-87,-80
-84,-91,-84
-85,-90,-81
-84,-87,-75
-84,-91,-82
-85,-90,-76
-84,-90,-76
-84,-91,-77
-84,-90,-80
-83,-91,-81
-83,-88,-81
-83,-88,-81
-86,-87,-75
-84,-87,-75
-82,-86,-74
-83,-88,-83
-84,-86,-74
-82,-86,-75
-84,-89,-74
-85,-89,-80
-84,-87,-82
-84,-90,-81
-84,-89,-81
-85,-91,-82
-85,-91,-77
-82,-87,-81
-86,-90,-76
-84,-88,-81
-82,-86,-80
-83,-89,-82
-86,-87,-79
-82,-87,-79
-82,-90,-76
-84,-88,-77
-82,-87,-83
-84,-88,-76
-86,-89,-80
-82,-89,-83
-82,-89,-82
-82,-88,-82
-86,-87,-75
-84,-87,-80
-85,-90,-81
-85,-86,-80
-84,-86,-82
-82,-90,-80
-85,-90,-81
-84,-90,-82
-85,-89,-84
-85,-88,-77
-85,-90,-80
-85,-91,-77
-85,-87,-75
-83,-88,-81
-86,-88,-83
-82,-88,-75
-82,-90,-76
-83,-89,-80
-83,-86,-82
-82,-90,-81
-86,-88,-83
-83,-88,-77
-85,-87,-82
-85,-87,-77
-85,-67,-82
-84,-87,-82
-84,-88,-77
-84,-88,-76
-86,-86,-81
-83,-88,-82
-84,-89,-82
-84,-91,-76
-85,-89,-76
-86,-87,-76
-85,-88,-77
-85,-88,-76
-85,-88,-75
-86,-89,-82
-84,-89,-80
-84,-90,-77
-84,-88,-82
-86,-87,-84
-86,-90,-80
-82,-88,-80
-83,-89,-80
-83,-90,-75
-82,-88,-83
-82,-87,-80
-82,-90,-82
-82,-89,-83
-85,-89,-76
-83,-88,-80
-85,-90,-83
-85,-89,-76
-82,-87,-75
-85,-89,-76
-82,-89,-81
-86,-87,-79
-85,-85,-83
-84,-91,-81
-85,-87,-82
-82,-88,-76
-84,-88,-81
-87,-87,-82
-84,-88,-80
-85,-87,-80
-86,-89,-82
-82,-89,-84
-82,-88,-76
-83,-87,-82
-83,-88,-80
-84,-88,-76
-83,-89,-75
-81,-86,-80
-84,-89,-83
-85,-87,-77
-85,-88,-82
-85,-86,-74
-86,-87,-82
-82,-86,-80
-85,-68,-83
-83,-87,-81
-82,-87,-80
-85,-89,-75
-85,-89,-82
-84,-87,-83
-84,-88,-76
-82,-85,-83
-86,-87,-80
-86,-87,-82
-84,-88,-79
-83,-86,-83
-83,-87,-83
-82,-86,-81
-84,-90,-84
-83,-89,-81
-84,-86,-80
-82,-87,-82
-85,-86,-80
-83,-88,-83
-84,-88,-79
-83,-88,-75
-84,-89,-75
-83,-87,-84
-81,-88,-83
-83,-87,-75
-63,-87,-80
-82,-89,-81
-85,-86,-77
-85,-87,-76
-81,-89,-84
-82,-89,-83
-82,-89,-83
-83,-90,-81
-63,-86,-83
-82,-91,-80
-83,-89,-82
-82,-90,-80
-85,-86,-75
-85,-90,-81
-82,-90,-83
-82,-87,-77
-85,-89,-75
-82,-87,-83
-82,-89,-82
-82,-90,-83
-83,-86,-83
-85,-90,-83
-82,-88,-79
-84,-69,-76
-84,-87,-76
-85,-87,-83
-83,-90,-82
-82,-89,-80
-85,-90,-84
-83,-90,-76
-85,-91,-81
-84,-85,-77
-81,-84,-75
-83,-89,-75
-87,-87,-76
-86,-89,-76
-85,-84,-76
-85,-85,-80
-65,-85,-80
-83,-86,-76
-84,-87,-78
-85,-89,-81
-85,-86,-81
-84,-86,-80
-83,-87,-80
-84,-86,-80
-86,-89,-80
-87,-86,-80
-85,-85,-77
-84,-91,-82
-85,-85,-76
-85,-85,-82
-86,-88,-78
-85,-87,-81
-84,-89,-82
-84,-86,-76
-85,-89,-81
-84,-89,-82
-85,-88,-81
-85,-88,-80
-85,-90,-77
-86,-88,-81
-86,-85,-80
-84,-87,-80
-84,-89,-77
-85,-87,-82
-84,-87,-79
-85,-88,-81
-83,-89,-80
-84,-87,-81
-85,-85,-76
-85,-89,-80
-85,-88,-80
-85,-87,-76
-85,-86,-81
-84,-86,-81
-84,-89,-80
-85,-90,-81
-85,-87,-81
-84,-88,-81
-84,-90,-81
-84,-87,-77
-84,-88,-81
-86,-90,-80
-86,-89,-81
-85,-88,-76
-86,-87,-81
-87,-87,-81
-86,-84,-80
-86,-89,-76
-85,-89,-80
-86,-90,-81
-84,-88,-81
-83,-81,-82
-88,-86,-75
-86,-87,-81
-87,-86,-82
-84,-86,-82
-83,-84,-79
-85,-90,-80
-84,-90,-81
-84,-90,-81
-87,-88,-80
-83,-89,-79
-83,-87,-81
-85,-85,-80
-77,-88,-87
-79,-91,-85
-78,-85,-83
-71,-86,-75
-73,-82,-83
-70,-76,-73
-74,-81,-75
-74,-85,-74
-74,-82,-80
-74,-85,-77
-75,-84,-80
-78,-76,-83
-71,-79,-89
-75,-77,-78
-82,-76,-70
-73,-78,-74
-71,-76,-75
-72,-76,-71
-72,-76,-75
-72,-77,-71
-71,-75,-71
-71,-75,-75
-71,-75,-75
-71,-76,-71
-71,-75,-74
-71,-76,-75
-71,-75,-74
-71,-75,-71
-71,-75,-74
-70,-75,-75
-71,-74,-71
-70,-74,-80
-70,-75,-81
-70,-75,-79
-71,-74,-84
-71,-74,-78
-70,-74,-76
-71,-74,-81
-72,-78,-83
-71,-78,-81
-70,-73,-73
-70,-77,-74
-71,-75,-77
-72,-78,-82
-71,-57,-84
-50,-78,-79
-70,-76,-80
-69,-76,-81
-71,-77,-76
-70,-77,-81
-71,-74,-74
-70,-76,-80
-70,-76,-79
-70,-78,-81
-70,-77,-82
-69,-75,-75
-70,-75,-80
-70,-76,-80
-70,-75,-81
-69,-76,-81
-70,-79,-76
-70,-77,-75
-69,-78,-81
-70,-77,-81
-70,-76,-80
-70,-77,-76
-70,-77,-76
-71,-77,-79
-70,-78,-82
-71,-76,-80
-70,-75,-81
-71,-75,-78
-70,-74,-74
-70,-75,-74
-70,-75,-79
-70,-74,-72
-70,-76,-80
-71,-76,-79
-71,-56,-79
-71,-74,-76
-70,-76,-79
-70,-74,-78
-70,-76,-73
-71,-74,-80
-71,-74,-80
-70,-74,-81
-70,-76,-79
-71,-75,-78
-70,-77,-74
-70,-75,-75
-70,-75,-75
-71,-75,-80
-71,-75,-80
-70,-75,-81
-70,-75,-80
-70,-75,-80
-70,-77,-75
-70,-76,-81
-70,-76,-79
-71,-75,-79
-71,-78,-79
-70,-76,-79
-71,-78,-79
-71,-76,-75
-71,-76,-80
-70,-76,-81
-71,-76,-76
-71,-76,-79
-71,-76,-81
-70,-78,-80
-71,-78,-81
-71,-79,-80
-71,-78,-80
-71,-78,-80
-71,-77,-80
-71,-76,-76
-70,-79,-81
-71,-76,-81
-71,-75,-80
-70,-76,-81
-71,-80,-76
-71,-79,-81
-71,-79,-75
-71,-77,-80
-71,-79,-81
-71,-77,-81
-71,-76,-82
-71,-79,-82
-71,-80,-83
-71,-80,-82
-71,-77,-76
-71,-80,-82
-71,-80,-83
-71,-57,-83
-70,-77,-72
-71,-75,-77
-71,-74,-74
-70,-75,-74
-70,-76,-73
-71,-76,-82
-71,-78,-85
-70,-78,-74
-70,-75,-80
-70,-77,-80
-70,-79,-78
-71,-78,-83
-71,-75,-77
-71,-79,-84
-71,-76,-84
-71,-79,-82
-71,-76,-82
-71,-79,-82
-71,-77,-77
-71,-78,-83
-70,-80,-84
-70,-79,-83
-70,-77,-77
-70,-77,-82
-70,-79,-77
-71,-77,-83
-70,-76,-82
-71,-76,-83
-71,-76,-84
-70,-76,-82
-71,-75,-80
-71,-78,-76
-70,-78,-76
-71,-76,-77
-71,-79,-76
-71,-76,-76
-71,-76,-83
-71,-76,-76
-71,-78,-83
-70,-77,-74
-71,-75,-81
-70,-75,-75
-71,-76,-81
-70,-76,-76
-71,-76,-76
-71,-75,-83
-70,-76,-81
-70,-75,-80
-70,-76,-80
-71,-78,-76
-70,-77,-76
-70,-75,-77
-70,-76,-75
-71,-76,-76
-70,-76,-83
-71,-75,-76
-70,-76,-83
-71,-78,-76
-71,-78,-77
-71,-78,-77
-71,-76,-84
-71,-76,-83
-71,-76,-81
-71,-76,-81
-71,-76,-82
-71,-75,-82
-71,-81,-86
-71,-83,-85
-71,-77,-87
-71,-79,-87
-70,-76,-78
-71,-79,-80
-71,-77,-82
-70,-76,-81
-70,-80,-82
-71,-75,-77
-71,-78,-87
-70,-80,-84
-71,-80,-79
-71,-78,-83
-71,-76,-85
-71,-80,-85
-71,-77,-80
-71,-78,-79
-71,-78,-83
-72,-76,-79
-71,-80,-79
-71,-77,-79
-71,-77,-83
-71,-81,-79
-71,-78,-86
-71,-77,-81
-71,-77,-86
-71,-77,-77
-70,-79,-84
-71,-78,-84
-71,-80,-79
-71,-77,-83
-70,-76,-82
-71,-76,-83
-70,-76,-84
-72,-78,-75
-70,-75,-76
-71,-75,-80
-71,-80,-79
-71,-77,-83
-71,-80,-80
-71,-81,-84
-71,-77,-86
-72,-78,-85
-71,-77,-85
-71,-81,-87
-71,-78,-80
-71,-82,-80
-71,-82,-80
-71,-83,-82
-70,-83,-86
-70,-77,-78
-71,-77,-86
-71,-80,-86
-71,-77,-85
-71,-77,-78
-70,-80,-82
-71,-81,-82
-72,-76,-85
-71,-77,-85
-71,-80,-79
-70,-76,-82
-71,-76,-79
-70,-76,-77
-70,-79,-77
-70,-76,-77
-70,-76,-82
-72,-79,-80
-74,-80,-80
-74,-86,-82
-74,-84,-83
-72,-80,-86
-73,-78,-82
-73,-87,-86
-72,-91,-82
-71,-81,-80
-72,-80,-86
-72,-79,-82
-74,-79,-87
-73,-88,-85
-72,-85,-82
-72,-80,-86
-73,-82,-82
-72,-79,-84
-73,-84,-81
-72,-81,-81
-73,-80,-83
-73,-80,-83
-72,-84,-89
-72,-84,-83
-72,-80,-80
-72,-85,-82
-73,-82,-83
-74,-88,-79
-74,-82,-83
-73,-81,-82
-73,-84,-80
-74,-86,-85
-74,-82,-82
-73,-82,-81
-67,-87,-90
-72,-81,-79
-68,-90,-84
-67,-82,-89
-59,-83,-82
-69,-86,-84
-67,-83,-81
-65,-82,-77
-81,-81,-76
-80,-88,-75
-62,-83,-80
-68,-85,-78
-69,-84,-80
-66,-88,-73
-70,-90,-79
-72,-90,-79
-70,-90,-74
-71,-85,-79
-72,-88,-74
-71,-85,-79
-69,-88,-77
-71,-85,-77
-70,-87,-80
-70,-87,-75
-69,-85,-75
-69,-92,-78
-69,-85,-74
-67,-84,-75
-70,-83,-74
-79,-87,-78
-79,-86,-74
-62,-85,-73
-65,-86,-82
-69,-83,-83
-70,-88,-79
-61,-85,-83
-77,-83,-84
-65,-81,-78
-69,-84,-79
-74,-86,-79
-68,-85,-76
-65,-84,-77
-66,-85,-83
-68,-87,-79
-67,-83,-85
-72,-86,-88
-69,-90,-80
-68,-89,-83
-81,-87,-76
-68,-85,-78
-70,-83,-79
-69,-85,-78
-70,-86,-78
-70,-83,-76
-67,-79,-82
-74,-88,-78
-68,-77,-82
-67,-85,-73
-74,-89,-80
-73,-85,-77
-66,-86,-75
-69,-87,-79
-66,-87,-79
-66,-86,-74
-65,-85,-76
-67,-89,-83
-68,-84,-77
-77,-85,-83
-69,-86,-78
-66,-80,-91
-66,-87,-85
-61,-84,-82
-68,-87,-81
-82,-81,-75
-81,-92,-72
-61,-84,-76
-70,-84,-85
-69,-82,-80
-72,-88,-75
-73,-90,-77
-64,-81,-86
-61,-84,-79
-67,-84,-87
-66,-79,-76
-72,-80,-80
-72,-83,-83
-74,-88,-82
-68,-89,-81
-69,-84,-80
-70,-89,-76
-69,-86,-79
-69,-92,-74
-73,-85,-79
-71,-81,-78
-78,-81,-75
-78,-83,-81
-68,-88,-81
-70,-86,-88
-64,-82,-81
-63,-89,-78
-81,-86,-77
-80,-84,-79
-63,-80,-86
-66,-82,-78
-79,-83,-78
-62,-83,-84
-66,-83,-87
-68,-89,-83
-68,-90,-83
-69,-85,-76
-68,-86,-76
-71,-83,-79
-68,-86,-78
-69,-87,-79
-68,-91,-78
-62,-82,-78
-62,-85,-85
-66,-86,-87
-62,-81,-79
-61,-80,-81
-61,-81,-80
-64,-82,-85
-65,-86,-88
-83,-88,-78
-85,-82,-76
-70,-86,-76
-64,-81,-83
-60,-83,-83
-65,-81,-80
-69,-88,-79
-68,-86,-79
-88,-87,-76
-63,-84,-83
-62,-81,-81
-62,-82,-80
-61,-80,-76
-66,-87,-86
-65,-86,-77
-64,-88,-85
-63,-82,-79
-66,-81,-88
-63,-83,-82
-61,-86,-79
-65,-82,-82
-81,-82,-74
-83,-82,-82
-81,-83,-72
-71,-85,-75
-74,-80,-79
-65,-87,-84
-65,-84,-77
-67,-87,-80
-71,-81,-73
-61,-81,-83
-66,-83,-77
-64,-84,-78
-65,-85,-78
-66,-82,-74
-65,-83,-74
-67,-83,-76
-66,-83,-78
-69,-89,-82
-75,-86,-75
-83,-84,-72
-74,-84,-81
-62,-83,-78
-66,-84,-85
-69,-85,-77
-71,-84,-79
-72,-84,-78
-71,-84,-78
-72,-84,-77
-67,-91,-86
-68,-87,-77
-65,-84,-79
-70,-83,-84
-68,-89,-87
-63,-81,-85
-72,-88,-79
-70,-84,-81
-89,-85,-79
-65,-89,-93
-67,-88,-77
-67,-91,-80
-88,-88,-78
-69,-82,-77
-67,-83,-84
-67,-88,-87
-75,-85,-72
-71,-83,-84
-62,-83,-83
-67,-87,-79
-62,-86,-76
-62,-81,-76
-68,-91,-83
-68,-90,-80
-70,-83,-91
-73,-89,-76
-91,-86,-84
-86,-89,-76
-72,-81,-78
-65,-84,-80
-66,-85,-86
-65,-87,-80
-63,-90,-90
-88,-87,-76
-76,-83,-82
-70,-83,-78
-67,-85,-85
-82,-83,-78
-75,-83,-77
-73,-80,-75
-72,-80,-77
-69,-82,-76
-62,-83,-80
-87,-87,-73
-69,-79,-83
-63,-80,-76
-62,-83,-78
-69,-85,-83
-71,-87,-77
-87,-87,-80
-70,-84,-77
-73,-88,-80
-80,-84,-78
-72,-86,-85
-73,-87,-79
-67,-89,-76
-85,-84,-88
-70,-80,-78
-75,-85,-76
-73,-83,-83
-70,-83,-81
-72,-87,-79
-68,-85,-78
-70,-84,-82
-68,-84,-80
-68,-84,-76
-67,-87,-78
-67,-86,-83
-68,-85,-77
-69,-85,-82
-69,-85,-79
-69,-85,-80
-70,-85,-76
-68,-84,-78
-68,-84,-80
-67,-83,-75
-69,-83,-78
-71,-83,-79
-70,-86,-79
-67,-85,-75
-68,-84,-78
-68,-85,-75
-69,-87,-77
-68,-86,-80
-69,-84,-74
-76,-92,-83
-90,-86,-76
-87,-88,-78
-68,-82,-75
-67,-85,-81
-68,-87,-83
-66,-85,-82
-66,-84,-77
-66,-87,-77
-66,-85,-74
-66,-85,-80
-66,-85,-80
-67,-84,-80
-66,-83,-80
-66,-85,-77
-66,-85,-77
-70,-80,-88
-68,-83,-84
-61,-85,-91
-65,-85,-80
-72,-84,-78
-67,-80,-80
-73,-84,-76
-74,-81,-76
-69,-86,-77
-68,-80,-81
-67,-80,-74
-66,-79,-76
-78,-81,-85
-79,-79,-83
-83,-81,-82
-84,-82,-83
-84,-82,-84
-79,-81,-82
-84,-83,-83
-74,-82,-84
-73,-81,-82
-72,-80,-79
-69,-81,-77
-69,-81,-77
-72,-83,-79
-74,-78,-82
-76,-84,-79
-84,-73,-84
-83,-74,-84
-84,-70,-84
-84,-70,-84
-85,-72,-85
-84,-71,-84
-84,-70,-85
-84,-72,-89
-84,-75,-83
-83,-74,-89
-83,-71,-91
-82,-71,-90
-83,-69,-84
-82,-70,-81
-83,-71,-82
-83,-72,-90
-82,-72,-89
-84,-72,-83
-84,-70,-82
-82,-70,-81
-83,-70,-91
-83,-72,-81
-83,-70,-81
-83,-70,-82
-83,-70,-81
-82,-71,-91
-84,-71,-81
-83,-72,-83
-83,-73,-87
-82,-70,-87
-83,-74,-88
-84,-75,-79
-83,-75,-79
-83,-75,-78
-84,-75,-88
-84,-74,-90
-85,-74,-85
-83,-75,-80
-83,-73,-80
-83,-76,-79
-83,-74,-79
-84,-76,-88
-84,-73,-84
-84,-76,-84
-84,-76,-86
-82,-76,-89
-81,-75,-80
-83,-75,-92
-83,-74,-84
-83,-75,-78
-83,-74,-87
-85,-74,-80
-81,-73,-84
-82,-75,-90
-83,-74,-85
-84,-76,-87
-84,-73,-79
-81,-74,-84
-84,-74,-89
-83,-74,-89
-85,-75,-89
-84,-75,-79
-84,-74,-83
-84,-73,-86
-85,-74,-89
-82,-74,-90
-84,-76,-85
-84,-74,-86
-81,-74,-85
-85,-74,-86
-83,-73,-78
-83,-74,-83
-84,-74,-83
-62,-76,-89
-81,-74,-80
-81,-74,-89
-82,-73,-78
-84,-74,-79
-85,-76,-85
-85,-76,-85
-84,-73,-87
-84,-73,-84
-84,-74,-84
-83,-77,-87
-83,-74,-79
-84,-76,-88
-85,-76,-78
-83,-74,-85
-83,-72,-85
-82,-73,-86
-83,-73,-85
-83,-75,-86
-82,-72,-88
-83,-72,-79
-84,-73,-79
-84,-73,-79
-85,-75,-87
-82,-74,-84
-84,-73,-79
-85,-77,-79
-83,-73,-79
-85,-73,-79
-81,-73,-79
-84,-74,-93
-86,-73,-85
-84,-74,-78
-84,-76,-86
-83,-75,-79
-83,-75,-78
-84,-74,-78
-84,-75,-93
-84,-73,-84
-82,-74,-87
-81,-74,-78
-83,-73,-86
-82,-74,-86
-83,-76,-86
-82,-74,-93
-84,-75,-87
-85,-74,-79
-85,-72,-89
-82,-73,-91
-83,-75,-87
-84,-72,-90
-85,-75,-85
-85,-74,-80
-84,-73,-84
-84,-75,-78
-83,-73,-79
-85,-74,-79
-85,-74,-79
-84,-72,-79
-85,-73,-86
-83,-73,-79
-84,-73,-79
-82,-74,-86
-84,-73,-88
-83,-75,-90
-84,-75,-86
-83,-74,-86
-84,-73,-91
-83,-73,-91
-83,-74,-91
-86,-75,-79
-82,-74,-85
-83,-73,-84
-83,-73,-79
-81,-75,-79
-83,-73,-86
-82,-76,-80
-83,-75,-80
-81,-74,-91
-83,-75,-79
-83,-73,-89
-83,-74,-86
-85,-73,-78
-85,-73,-79
-85,-73,-85
-85,-76,-84
-81,-73,-84
-84,-73,-79
-82,-74,-87
-84,-73,-86
-83,-74,-86
-85,-76,-89
-81,-73,-89
-85,-76,-88
-84,-74,-78
-85,-77,-88
-81,-77,-88
-81,-73,-80
-84,-75,-87
-83,-73,-84
-81,-74,-79
-83,-73,-79
-84,-75,-79
-85,-74,-79
-84,-73,-91
-85,-75,-79
-84,-75,-90
-81,-75,-90
-85,-74,-80
-81,-73,-79
-83,-76,-79
-85,-73,-86
-85,-75,-87
-86,-74,-78
-86,-74,-84
-84,-75,-90
-84,-72,-78
-82,-74,-88
-85,-75,-79
-81,-74,-89
-83,-74,-85
-83,-73,-89
-83,-72,-85
-83,-75,-88
-83,-73,-85
-84,-73,-84
-82,-74,-79
-85,-73,-89
-85,-73,-89
-84,-74,-91
-82,-73,-84
-83,-75,-79
-85,-75,-90
-85,-76,-79
-86,-74,-79
-83,-73,-79
-84,-73,-78
-84,-76,-89
-85,-76,-85
-84,-76,-85
-84,-73,-79
-83,-73,-85
-86,-73,-78
-82,-75,-79
-84,-74,-88
-84,-75,-78
-84,-74,-79
-84,-73,-85
-86,-75,-79
-85,-73,-78
-86,-73,-79
-83,-74,-84
-84,-73,-78
-83,-74,-86
-83,-74,-78
-84,-73,-78
-84,-73,-87
-84,-75,-79
-82,-74,-79
-83,-75,-85
-85,-75,-78
-84,-74,-91
-83,-73,-85
-81,-74,-79
-83,-72,-80
-83,-73,-89
-82,-74,-84
-84,-78,-79
-84,-74,-78
-84,-73,-79
-87,-74,-80
-85,-76,-79
-82,-74,-79
-84,-73,-85
-83,-73,-84
-83,-74,-85
-83,-77,-79
-81,-74,-88
-84,-75,-88
-85,-76,-86
-85,-73,-80
-82,-74,-86
-85,-74,-79
-85,-74,-86
-85,-75,-85
-86,-76,-78
-84,-75,-84
-82,-77,-78
-84,-74,-89
-84,-74,-83
-82,-74,-78
-84,-75,-89
-83,-74,-91
-84,-77,-78
-84,-77,-78
-84,-74,-78
-84,-75,-87
-85,-77,-78
-81,-77,-84
-83,-74,-88
-83,-74,-89
-84,-73,-79
-85,-75,-88
-85,-73,-79
-84,-75,-84
-83,-73,-88
-86,-75,-87
-83,-74,-78
-84,-75,-85
-85,-74,-79
-82,-74,-80
-83,-75,-79
-83,-73,-88
-85,-74,-85
-83,-75,-85
-82,-73,-79
-85,-73,-79
-84,-73,-90
-81,-73,-92
-85,-74,-59
-83,-73,-79
-81,-75,-86
-83,-73,-89
-85,-73,-77
-85,-73,-77
-83,-72,-85
-81,-73,-78
-70,-85,-90
-70,-88,-84
-70,-87,-89
-71,-84,-79
-76,-88,-83
-76,-88,-85
-80,-85,-82
-79,-89,-92
-79,-85,-89
-77,-87,-85
-75,-86,-84
-76,-86,-88
-75,-83,-88
-76,-84,-79
-76,-84,-88
-76,-85,-86
-75,-84,-87
-75,-85,-85
-80,-85,-87
-77,-84,-80
-77,-84,-79
-77,-83,-86
-77,-83,-85
-78,-84,-80
-77,-85,-85
-79,-88,-85
-78,-83,-84
-78,-84,-84
-77,-84,-80
-79,-80,-81
-78,-89,-80
-79,-88,-84
-77,-88,-80
-76,-83,-84
-76,-83,-84
-79,-84,-80
-77,-83,-85
-77,-85,-85
-77,-85,-85
-79,-84,-83
-78,-85,-85
-75,-84,-86
-77,-84,-84
-76,-84,-80
-77,-83,-79
-75,-84,-85
-76,-83,-79
-76,-84,-86
-76,-85,-79
-77,-88,-87
-77,-86,-85
-76,-88,-87
-75,-85,-85
-76,-87,-79
-78,-86,-80
-80,-84,-84
-80,-86,-78
-80,-82,-84
-79,-83,-80
-77,-84,-86
-77,-83,-79
-77,-87,-85
-79,-84,-85
-77,-84,-80
-79,-89,-85
-77,-84,-79
-83,-85,-87
-77,-85,-85
-77,-84,-86
-79,-84,-80
-79,-82,-84
-77,-83,-87
-77,-83,-84
-79,-84,-80
-79,-83,-79
-78,-83,-85
-77,-82,-86
-79,-83,-85
-77,-83,-85
-77,-84,-86
-77,-83,-83
-79,-83,-86
-77,-84,-80
-77,-82,-87
-78,-83,-80
-77,-83,-79
-77,-83,-80
-79,-83,-80
-77,-86,-79
-77,-83,-85
-79,-83,-80
-77,-87,-85
-79,-82,-86
-78,-83,-87
-78,-84,-85
-77,-84,-79
-77,-84,-87
-77,-87,-84
-76,-82,-88
-79,-82,-86
-79,-83,-86
-78,-84,-80
-77,-86,-80
-77,-85,-84
-78,-86,-80
-79,-88,-84
-79,-84,-84
-77,-84,-85
-78,-84,-86
-78,-85,-84
-76,-84,-84
-78,-83,-83
-78,-89,-80
-78,-85,-83
-77,-84,-86
-78,-84,-85
-76,-85,-79
-77,-83,-85
-77,-84,-83
-77,-85,-81
-78,-83,-80
-77,-83,-80
-78,-84,-84
-79,-87,-85
-77,-84,-79
-79,-86,-84
-79,-84,-83
-77,-84,-84
-77,-84,-85
-76,-85,-85
-76,-86,-85
-76,-85,-81
-76,-85,-81
-76,-85,-80
-76,-86,-80
-76,-86,-85
-77,-85,-85
-77,-85,-84
-76,-84,-83
-76,-85,-86
-76,-87,-81
-76,-84,-81
-77,-84,-81
-78,-85,-81
-77,-85,-85
-75,-85,-85
-75,-85,-86
-78,-85,-87
-78,-83,-86
-77,-84,-84
-77,-83,-86
-77,-85,-79
-78,-90,-84
-77,-88,-86
-77,-89,-85
-77,-84,-83
-77,-83,-79
-76,-85,-86
-77,-85,-86
-76,-88,-83
-79,-86,-84
-79,-84,-86
-78,-84,-86
-76,-85,-79
-76,-85,-79
-77,-83,-84
-79,-83,-84
-76,-84,-80
-77,-84,-83
-77,-83,-80
-76,-87,-79
-77,-83,-80
-79,-83,-80
-79,-84,-86
-76,-86,-84
-76,-83,-84
-77,-83,-86
-78,-84,-86
-77,-87,-86
-76,-83,-80
-76,-84,-86
-76,-84,-87
-76,-84,-80
-77,-83,-86
-78,-85,-80
-78,-87,-80
-76,-84,-84
-76,-88,-85
-76,-84,-84
-76,-85,-80
-76,-85,-81
-77,-84,-81
-75,-85,-84
-76,-83,-79
-76,-84,-84
-76,-84,-85
-77,-83,-80
-76,-84,-83
-76,-84,-79
-77,-83,-79
-76,-83,-79
-78,-83,-86
-76,-84,-79
-77,-83,-84
-79,-87,-84
-77,-84,-83
-76,-83,-84
-77,-84,-87
-76,-85,-85
-78,-84,-84
-76,-83,-83
-78,-90,-85
-76,-84,-86
-78,-85,-86
-79,-83,-85
-78,-88,-80
-77,-87,-87
-79,-88,-80
-79,-83,-87
-78,-85,-86
-78,-83,-84
-77,-83,-84
-76,-83,-85
-76,-84,-84
-75,-85,-86
-75,-82,-83
-76,-84,-80
-77,-84,-83
-76,-89,-83
-76,-88,-82
-76,-85,-81
-76,-84,-81
-75,-85,-87
-77,-84,-85
-76,-84,-79
-75,-84,-85
-75,-84,-86
-76,-84,-80
-77,-88,-81
-77,-88,-88
-76,-83,-79
-76,-83,-86
-76,-84,-83
-78,-83,-85
-76,-83,-84
-76,-83,-84
-76,-83,-83
-76,-83,-85
-76,-84,-84
-76,-84,-85
-76,-83,-85
-76,-83,-85
-78,-82,-86
-76,-83,-83
-76,-86,-86
-77,-83,-86
-78,-85,-84
-76,-84,-79
-78,-83,-87
-77,-83,-85
-76,-83,-84
-76,-84,-81
-75,-85,-87
-77,-83,-85
-76,-83,-86
-76,-84,-80
-77,-83,-85
-76,-83,-81
-77,-84,-80
-77,-83,-80
-76,-84,-83
-77,-83,-82
-77,-83,-84
-75,-83,-80
-77,-86,-83
-77,-87,-83
-77,-86,-81
-76,-83,-83
-77,-85,-85
-76,-86,-86
-78,-84,-83
-76,-85,-86
-78,-84,-88
-76,-83,-86
-75,-85,-83
-77,-85,-84
-77,-84,-85
-76,-88,-84
-76,-85,-87
-78,-84,-84
-75,-85,-87
-77,-84,-80
-75,-89,-80
-77,-84,-86
-76,-84,-81
-76,-83,-84
-78,-88,-85
-75,-84,-82
-77,-84,-80
-77,-84,-81
-73,-84,-90
-71,-82,-84
-66,-83,-76
-63,-86,-82
-64,-85,-80
-64,-86,-81
-63,-89,-83
-60,-86,-81
-60,-83,-84
-62,-83,-79
-60,-89,-82
-67,-87,-79
-73,-82,-78
-72,-83,-85
-69,-81,-85
-74,-87,-84
-66,-78,-77
-74,-81,-76
-61,-85,-82
-60,-88,-88
-60,-93,-85
-75,-90,-81
-68,-89,-86
-77,-91,-84
-61,-82,-81
-60,-89,-79
-58,-87,-81
-58,-87,-81
-59,-87,-83
-60,-86,-80
-66,-85,-88
-64,-87,-81
-63,-87,-82
-63,-88,-86
-63,-88,-84
-66,-90,-87
-63,-87,-87
-61,-85,-80
-62,-94,-85
-64,-87,-89
-62,-87,-86
-60,-81,-86
-69,-87,-80
-61,-81,-86
-61,-79,-84
-67,-87,-87
-82,-83,-78
-78,-83,-82
-64,-85,-80
-65,-85,-84
-65,-82,-87
-74,-81,-83
-66,-78,-82
-58,-83,-86
-63,-82,-81
-71,-84,-79
-62,-83,-75
-62,-86,-80
-66,-85,-80
-64,-84,-77
-63,-84,-80
-62,-85,-77
-62,-84,-81
-62,-87,-81
-62,-85,-80
-63,-82,-79
-78,-88,-75
-70,-84,-78
-61,-80,-81
-62,-81,-84
-62,-84,-86
-61,-84,-79
-65,-82,-77
-69,-85,-80
-65,-78,-78
-63,-78,-86
-72,-90,-85
-72,-81,-83
-68,-90,-75
-64,-83,-83
-67,-79,-83
-64,-80,-90
-65,-89,-84
-73,-81,-80
-83,-82,-79
-67,-81,-79
-79,-82,-81
-78,-78,-78
-76,-78,-77
-81,-80,-81
-86,-83,-81
-83,-80,-78
-82,-81,-85
-86,-92,-83
-77,-81,-84
-75,-79,-78
-70,-80,-78
-67,-84,-82
-67,-82,-77
-70,-84,-81
-77,-85,-75
-66,-81,-87
-80,-82,-78
-71,-83,-82
-69,-84,-82
-68,-87,-81
-70,-84,-82
-72,-86,-82
-75,-86,-74
-68,-81,-86
-70,-88,-79
-65,-83,-75
-60,-85,-83
-74,-85,-82
-66,-83,-82
-65,-87,-78
-65,-80,-83
-70,-84,-85
-70,-83,-77
-80,-83,-77
-64,-78,-84
-75,-84,-77
-75,-80,-78
-76,-80,-81
-79,-79,-82
-75,-81,-83
-64,-86,-78
-67,-80,-83
-66,-81,-82
-62,-82,-78
-62,-83,-79
-62,-84,-78
-62,-80,-80
-65,-87,-76
-66,-80,-79
-61,-84,-75
-62,-89,-76
-62,-88,-79
-63,-83,-75
-78,-86,-85
-74,-84,-87
-70,-87,-75
-68,-85,-80
-65,-83,-79
-83,-81,-80
-77,-89,-86
-76,-86,-85
-81,-78,-84
-77,-78,-84
-84,-79,-83
-74,-85,-76
-84,-89,-75
-84,-83,-78
-67,-77,-86
-76,-78,-78
-77,-89,-85
-74,-85,-82
-81,-79,-88
-76,-79,-89
-74,-80,-90
-74,-80,-80
-73,-79,-84
-72,-81,-85
-72,-81,-88
-71,-84,-85
-85,-84,-77
-79,-86,-85
-71,-88,-76
-69,-88,-84
-71,-88,-77
-69,-88,-80
-68,-80,-73
-71,-90,-81
-72,-89,-84
-72,-85,-77
-71,-84,-77
-72,-85,-77
-71,-85,-84
-71,-85,-77
-72,-88,-80
-71,-86,-80
-74,-79,-79
-68,-85,-75
-78,-82,-86
-78,-80,-76
-69,-83,-73
-80,-85,-79
-82,-83,-80
-80,-77,-82
-71,-87,-84
-70,-83,-87
-72,-84,-77
-72,-83,-77
-72,-83,-85
-74,-83,-85
-75,-77,-82
-64,-83,-79
-65,-83,-80
-62,-77,-81
-67,-79,-84
-62,-79,-79
-62,-80,-77
-62,-82,-79
-62,-77,-80
-62,-76,-78
-68,-88,-79
-68,-85,-78
-68,-77,-77
-66,-86,-77
-66,-90,-85
-66,-89,-85
-66,-91,-79
-66,-89,-83
-67,-88,-83
-66,-89,-85
-72,-84,-79
-71,-77,-78
-67,-82,-87
-70,-76,-84
-68,-79,-84
-66,-79,-85
-65,-83,-80
-69,-81,-73
-66,-77,-78
-77,-79,-81
-79,-84,-84
-81,-82,-79
-80,-82,-84
-78,-91,-79
-70,-85,-78
-76,-81,-83
-73,-87,-75
-64,-86,-83
-61,-83,-81
-60,-80,-81
-61,-76,-80
-66,-78,-83
-66,-81,-80
-73,-81,-80
-78,-87,-86
-69,-88,-79
-73,-88,-81
-71,-82,-84
-68,-78,-83
-68,-83,-85
-71,-82,-83
-65,-78,-86
-69,-78,-83
-68,-77,-78
-71,-77,-78
-71,-78,-83
-72,-80,-85
-66,-84,-76
-84,-84,-88
-83,-79,-78
-68,-82,-78
-77,-87,-81
-77,-86,-77
-80,-85,-79
-80,-85,-78
-77,-84,-79
-85,-87,-82
-81,-91,-85
-73,-83,-79
-70,-80,-80
-71,-84,-82
-65,-78,-75
-64,-80,-77
-85,-82,-81
-76,-90,-80
-64,-85,-75
-60,-80,-83
-67,-83,-82
-65,-78,-80
-64,-81,-79
-64,-78,-80
-65,-79,-81
-78,-78,-76
-68,-78,-82
-67,-78,-84
-76,-89,-74
-78,-86,-79
-62,-78,-74
-70,-81,-79
-71,-80,-87
-71,-83,-83
-69,-78,-83
-68,-81,-85
-67,-84,-80
-77,-83,-85
-69,-79,-87
-79,-85,-86
-70,-80,-85
-70,-80,-83
-64,-84,-82
-68,-82,-79
-68,-80,-79
-72,-76,-81
-75,-78,-84
-76,-77,-80
