1,-59,2,-77,4,-80,3,-78
1,-59,2,-77,4,-80,3,-78
1,-59,2,-77,4,-80,3,-78
1,-59,2,-77,4,-80,3,-78
1,-59,2,-77,4,-80,3,-78
1,-59,2,-77,4,-80,3,-77
1,-58,2,-77,4,-80,3,-77
1,-57,2,-78,4,-80,3,-77
1,-57,2,-78,4,-80,3,-78
1,-57,2,-78,4,-80,3,-78
1,-57,2,-78,4,-79,3,-78
1,-57,2,-78,4,-79,3,-78
1,-58,2,-78,4,-79,3,-80
1,-58,2,-78,4,-79,3,-80
1,-57,2,-78,4,-79,3,-80
1,-57,2,-79,4,-79,3,-79
1,-57,2,-79,4,-79,3,-79
1,-57,2,-78,4,-79,3,-79
1,-56,2,-78,4,-79,3,-79
1,-56,2,-79,4,-79,3,-80
1,-56,2,-78,4,-79,3,-80
1,-57,2,-78,4,-79,3,-80
1,-59,2,-78,4,-79,3,-81
1,-60,2,-78,4,-79,3,-82
1,-58,2,-78,4,-79,3,-84
1,-57,2,-78,4,-79,3,-84
1,-56,2,-78,4,-79,3,-86
1,-55,2,-78,4,-79,3,-86
1,-54,2,-78,4,-79,3,-85
1,-53,2,-80,4,-79,3,-83
1,-53,2,-81,4,-79,3,-82
1,-53,2,-83,4,-79,3,-82
1,-53,2,-83,4,-79,3,-82
1,-52,2,-85,4,-79,3,-82
1,-52,2,-85,4,-80,3,-83
1,-52,2,-86,4,-80,3,-83
1,-52,2,-87,4,-80,3,-82
1,-51,2,-88,4,-81,3,-81
1,-51,2,-89,4,-82,3,-81
1,-51,2,-89,4,-83,3,-81
1,-51,2,-87,4,-83,3,-82
1,-51,2,-86,4,-83,3,-83
1,-51,2,-84,4,-82,3,-83
1,-51,2,-83,4,-82,3,-83
1,-51,2,-82,4,-81,3,-83
1,-53,2,-81,4,-80,3,-83
1,-53,2,-79,4,-80,3,-81
1,-54,2,-79,4,-79,3,-81
1,-54,2,-79,4,-79,3,-81
1,-55,2,-79,4,-79,3,-81
1,-61,2,-76,4,-84,3,-82
1,-61,2,-76,4,-81,3,-83
1,-59,2,-75,4,-80,3,-84
1,-59,2,-75,4,-82,3,-84
1,-61,2,-75,4,-85,3,-82
1,-60,2,-74,4,-85,3,-81
1,-60,2,-75,4,-83,3,-82
1,-60,2,-75,4,-80,3,-81
1,-60,2,-75,4,-79,3,-81
1,-60,2,-76,4,-78,3,-81
1,-59,2,-76,4,-77,3,-81
1,-59,2,-75,4,-77,3,-83
1,-60,2,-75,4,-77,3,-83
1,-61,2,-75,4,-78,3,-81
1,-61,2,-75,4,-77,3,-81
1,-61,2,-75,4,-77,3,-81
1,-60,2,-75,4,-77,3,-83
1,-60,2,-75,4,-77,3,-83
1,-59,2,-74,4,-76,3,-85
1,-58,2,-74,4,-76,3,-85
1,-58,2,-75,4,-76,3,-83
1,-59,2,-75,4,-78,3,-83
1,-58,2,-75,4,-78,3,-83
1,-58,2,-75,4,-79,3,-82
1,-59,2,-75,4,-81,3,-82
1,-58,2,-75,4,-81,3,-84
1,-59,2,-77,4,-82,3,-85
1,-58,2,-77,4,-82,3,-84
1,-58,2,-77,4,-82,3,-84
1,-58,2,-76,4,-82,3,-84
1,-58,2,-76,4,-83,3,-84
1,-59,2,-75,4,-82,3,-83
1,-58,2,-75,4,-80,3,-82
1,-58,2,-75,4,-80,3,-84
1,-58,2,-75,4,-80,3,-84
1,-58,2,-75,4,-82,3,-85
1,-58,2,-76,4,-87,3,-85
1,-58,2,-76,4,-89,3,-86
1,-58,2,-77,4,-89,3,-84
1,-58,2,-76,4,-86,3,-84
1,-58,2,-76,4,-85,3,-84
1,-58,2,-75,4,-83,3,-83
1,-57,2,-75,4,-83,3,-81
1,-57,2,-75,4,-83,3,-79
1,-57,2,-75,4,-82,3,-78
1,-57,2,-76,4,-80,3,-79
1,-57,2,-76,4,-82,3,-79
1,-57,2,-76,4,-82,3,-79
1,-57,2,-74,4,-81,3,-78
1,-57,2,-74,4,-81,3,-80
1,-62,2,-76,4,-78,3,-82
1,-62,2,-74,4,-80,3,-82
1,-62,2,-74,4,-80,3,-83
1,-64,2,-73,4,-80,3,-84
1,-65,2,-73,4,-80,3,-83
1,-65,2,-73,4,-82,3,-81
1,-63,2,-72,4,-81,3,-79
1,-62,2,-72,4,-80,3,-79
1,-62,2,-72,4,-82,3,-80
1,-62,2,-72,4,-80,3,-80
1,-62,2,-72,4,-78,3,-81
1,-62,2,-72,4,-78,3,-80
1,-62,2,-72,4,-78,3,-79
1,-61,2,-73,4,-78,3,-77
1,-61,2,-72,4,-78,3,-78
1,-61,2,-71,4,-78,3,-80
1,-63,2,-73,4,-78,3,-83
1,-62,2,-77,4,-78,3,-82
1,-61,2,-78,4,-79,3,-83
1,-67,2,-77,4,-83,3,-81
1,-65,2,-73,4,-80,3,-79
1,-62,2,-69,4,-76,3,-81
1,-60,2,-66,4,-76,3,-78
1,-59,2,-66,4,-75,3,-77
1,-59,2,-65,4,-74,3,-78
1,-59,2,-67,4,-75,3,-77
1,-59,2,-69,4,-75,3,-77
1,-59,2,-70,4,-75,3,-76
1,-59,2,-69,4,-76,3,-76
1,-59,2,-68,4,-75,3,-76
1,-63,2,-68,4,-73,3,-76
1,-64,2,-73,4,-71,3,-74
1,-64,2,-73,4,-68,3,-72
1,-64,2,-73,4,-67,3,-70
1,-64,2,-73,4,-66,3,-68
1,-67,2,-74,4,-65,3,-68
1,-70,2,-77,4,-65,3,-70
1,-71,2,-79,4,-67,3,-70
1,-73,2,-79,4,-68,3,-71
1,-73,2,-76,4,-69,3,-71
1,-75,2,-76,4,-69,3,-73
1,-75,2,-78,4,-69,3,-74
1,-75,2,-79,4,-68,3,-74
1,-77,2,-79,4,-68,3,-73
1,-76,2,-79,4,-76,3,-72
1,-74,2,-79,4,-79,3,-72
1,-73,2,-79,4,-78,3,-72
1,-73,2,-78,4,-77,3,-72
1,-73,2,-80,4,-81,3,-74
1,-71,2,-80,4,-80,3,-74
1,-76,2,-72,4,-77,3,-79
1,-76,2,-72,4,-77,3,-78
1,-76,2,-72,4,-77,3,-78
1,-77,2,-72,4,-79,3,-78
1,-75,2,-72,4,-81,3,-78
1,-75,2,-71,4,-85,3,-78
1,-76,2,-71,4,-85,3,-78
1,-78,2,-72,4,-85,3,-78
1,-80,2,-72,4,-83,3,-77
1,-80,2,-72,4,-83,3,-77
1,-79,2,-73,4,-83,3,-78
1,-77,2,-73,4,-83,3,-79
1,-76,2,-73,4,-83,3,-79
1,-74,2,-73,4,-84,3,-78
1,-73,2,-73,4,-85,3,-78
1,-72,2,-73,4,-87,3,-80
1,-71,2,-73,4,-88,3,-80
1,-71,2,-73,4,-89,3,-79
1,-71,2,-73,4,-89,3,-78
1,-70,2,-73,4,-87,3,-78
1,-70,2,-73,4,-87,3,-78
1,-70,2,-73,4,-87,3,-79
1,-70,2,-73,4,-87,3,-78
1,-70,2,-73,4,-87,3,-78
1,-71,2,-73,4,-87,3,-80
1,-70,2,-73,4,-87,3,-80
1,-70,2,-73,4,-87,3,-79
1,-70,2,-73,4,-87,3,-78
1,-70,2,-73,4,-87,3,-78
1,-70,2,-74,4,-88,3,-78
1,-70,2,-74,4,-90,3,-78
1,-71,2,-75,4,-90,3,-79
1,-71,2,-74,4,-90,3,-78
1,-71,2,-74,4,-90,3,-78
1,-71,2,-73,4,-90,3,-78
1,-71,2,-73,4,-89,3,-78
1,-71,2,-73,4,-88,3,-78
1,-71,2,-73,4,-88,3,-78
1,-70,2,-73,4,-87,3,-77
1,-70,2,-74,4,-87,3,-77
1,-70,2,-73,4,-88,3,-77
1,-71,2,-72,4,-88,3,-77
1,-71,2,-72,4,-88,3,-77
1,-71,2,-72,4,-89,3,-78
1,-71,2,-72,4,-90,3,-78
1,-71,2,-73,4,-90,3,-77
1,-70,2,-73,4,-91,3,-77
1,-70,2,-73,4,-91,3,-77
1,-71,2,-73,4,-91,3,-77
1,-71,2,-73,4,-91,3,-77
1,-63,2,-71,4,-82,3,-81
1,-63,2,-71,4,-81,3,-81
1,-63,2,-71,4,-80,3,-79
1,-63,2,-71,4,-80,3,-78
1,-63,2,-73,4,-81,3,-78
1,-65,2,-75,4,-81,3,-78
1,-65,2,-75,4,-81,3,-78
1,-70,2,-74,4,-83,3,-78
1,-74,2,-74,4,-81,3,-78
1,-75,2,-75,4,-79,3,-78
1,-73,2,-75,4,-79,3,-78
1,-72,2,-74,4,-78,3,-78
1,-69,2,-74,4,-77,3,-78
1,-66,2,-74,4,-77,3,-78
1,-64,2,-74,4,-76,3,-78
1,-64,2,-74,4,-76,3,-78
1,-62,2,-74,4,-76,3,-80
1,-62,2,-73,4,-77,0,0
1,-62,2,-73,4,-77,0,0
1,-62,2,-74,4,-78,0,0
1,-62,2,-74,4,-80,0,0
1,-63,2,-74,4,-82,0,0
1,-63,2,-75,4,-83,0,0
1,-63,2,-76,4,-84,0,0
1,-63,2,-76,4,-85,0,0
1,-63,2,-76,4,-85,0,0
1,-64,2,-76,4,-87,0,0
1,-65,2,-75,4,-87,0,0
1,-65,2,-75,4,-87,0,0
1,-65,2,-75,4,-87,3,-81
1,-65,2,-75,4,-87,3,-84
1,-65,2,-75,4,-87,3,-84
1,-65,2,-75,4,-87,3,-84
1,-64,2,-76,4,-87,3,-83
1,-64,2,-75,4,-87,3,-82
1,-64,2,-75,4,-87,3,-82
1,-64,2,-75,4,-86,3,-82
1,-64,2,-75,4,-83,3,-80
1,-65,2,-76,4,-83,3,-80
1,-65,2,-76,4,-83,3,-79
1,-65,2,-76,4,-83,3,-79
1,-65,2,-75,4,-88,3,-78
1,-64,2,-74,4,-90,3,-78
1,-65,2,-74,4,-90,3,-78
1,-66,2,-74,4,-89,3,-79
1,-66,2,-75,4,-86,3,-81
1,-66,2,-75,4,-83,3,-83
1,-65,2,-75,4,-82,3,-83
1,-65,2,-74,4,-81,3,-84
1,-65,2,-74,4,-83,3,-84
1,-67,2,-66,4,-74,3,-80
1,-66,2,-68,4,-74,3,-80
1,-65,2,-69,4,-74,3,-80
1,-64,2,-68,4,-75,3,-79
1,-64,2,-68,4,-78,3,-79
1,-66,2,-68,4,-80,3,-78
1,-68,2,-67,4,-80,3,-78
1,-69,2,-67,4,-80,3,-78
1,-74,2,-68,4,-80,3,-79
1,-75,2,-68,4,-80,3,-79
1,-75,2,-68,4,-80,3,-81
1,-74,2,-68,4,-79,3,-80
1,-73,2,-68,4,-79,3,-80
1,-70,2,-69,4,-79,3,-81
1,-69,2,-69,4,-79,3,-81
1,-69,2,-68,4,-79,3,-80
1,-67,2,-68,4,-79,3,-80
1,-65,2,-69,4,-79,3,-81
1,-64,2,-70,4,-79,3,-81
1,-64,2,-70,4,-79,3,-81
1,-63,2,-71,4,-79,3,-81
1,-62,2,-71,4,-80,3,-81
1,-62,2,-72,4,-80,3,-82
1,-64,2,-72,4,-81,3,-81
1,-65,2,-72,4,-81,3,-80
1,-66,2,-73,4,-82,3,-80
1,-65,2,-74,4,-82,3,-80
1,-63,2,-74,4,-83,3,-80
1,-63,2,-74,NaN,NaN,3,-80
1,-63,2,-74,3,-82,0,0
1,-64,2,-74,3,-82,0,0
1,-64,2,-74,3,-81,0,0
1,-65,2,-74,3,-81,0,0
1,-68,2,-74,3,-82,0,0
1,-68,2,-74,3,-82,0,0
1,-67,2,-73,3,-81,0,0
1,-66,2,-73,3,-81,0,0
1,-66,2,-73,4,-86,3,-80
1,-67,2,-73,4,-86,3,-80
1,-67,2,-74,4,-86,3,-81
1,-67,2,-74,4,-86,3,-81
1,-67,2,-74,4,-86,3,-82
1,-67,2,-75,4,-86,3,-80
1,-67,2,-74,4,-86,3,-85
1,-68,2,-75,4,-87,3,-84
1,-68,2,-74,4,-87,3,-82
1,-68,2,-74,4,-87,3,-82
1,-67,2,-74,4,-87,3,-81
1,-67,2,-73,4,-87,3,-82
1,-67,2,-73,4,-87,3,-82
1,-69,2,-69,4,-82,3,-85
1,-70,2,-69,4,-82,3,-85
1,-70,2,-69,4,-82,3,-85
1,-70,2,-70,4,-82,3,-84
1,-69,2,-70,4,-82,3,-84
1,-69,2,-70,4,-82,3,-84
1,-69,2,-70,4,-82,3,-84
1,-69,2,-70,4,-82,3,-84
1,-69,2,-70,4,-83,3,-85
1,-68,2,-71,4,-84,3,-85
1,-68,2,-71,4,-85,3,-85
1,-68,2,-71,4,-85,3,-84
1,-68,2,-71,4,-85,3,-83
1,-68,2,-70,4,-84,3,-82
1,-68,2,-70,4,-83,3,-82
1,-68,2,-71,4,-83,3,-81
1,-68,2,-72,4,-83,3,-80
1,-69,2,-72,4,-85,3,-79
1,-69,2,-70,4,-85,3,-79
1,-69,2,-70,4,-84,3,-79
1,-69,2,-70,4,-82,3,-77
1,-69,2,-70,4,-80,3,-76
1,-70,2,-70,4,-78,3,-75
1,-70,2,-70,4,-78,3,-75
1,-70,2,-70,4,-78,3,-75
1,-70,2,-70,4,-78,3,-75
1,-71,2,-69,4,-78,3,-75
1,-70,2,-69,4,-78,3,-75
1,-70,2,-69,4,-77,3,-77
1,-70,2,-70,4,-76,3,-78
1,-70,2,-70,4,-78,3,-79
1,-71,2,-70,4,-78,3,-80
1,-71,2,-70,4,-79,3,-80
1,-71,2,-70,4,-81,3,-81
1,-72,2,-70,4,-81,3,-81
1,-72,2,-70,4,-81,3,-80
1,-72,2,-70,4,-81,3,-80
1,-71,2,-70,4,-81,3,-79
1,-70,2,-70,4,-80,3,-79
1,-69,2,-70,4,-80,3,-80
1,-69,2,-70,4,-79,3,-80
1,-69,2,-69,4,-79,3,-80
1,-70,2,-69,4,-79,3,-79
1,-70,2,-69,4,-79,3,-79
1,-70,2,-69,4,-80,3,-79
1,-72,2,-69,4,-80,3,-81
1,-71,2,-69,4,-80,3,-80
1,-72,2,-70,4,-81,3,-80
1,-72,2,-69,4,-81,3,-80
1,-72,2,-69,4,-81,3,-80
1,-72,2,-64,4,-84,3,-86
1,-72,2,-64,4,-82,3,-85
1,-71,2,-64,4,-81,3,-85
1,-70,2,-64,4,-79,3,-84
1,-70,2,-65,4,-79,3,-83
1,-70,2,-65,4,-77,3,-82
1,-69,2,-64,4,-77,3,-82
1,-69,2,-64,4,-77,3,-82
1,-69,2,-64,4,-76,3,-82
1,-69,2,-65,4,-76,3,-80
1,-69,2,-65,4,-76,3,-80
1,-69,2,-65,4,-76,3,-80
1,-70,2,-66,4,-76,3,-80
1,-70,2,-66,4,-76,3,-80
1,-70,2,-66,4,-76,3,-80
1,-69,2,-66,4,-76,3,-80
1,-69,2,-65,4,-76,3,-80
1,-69,2,-65,4,-76,3,-80
1,-69,2,-66,4,-76,3,-79
1,-69,2,-66,4,-76,3,-80
1,-69,2,-66,4,-76,3,-80
1,-69,2,-68,4,-76,3,-80
1,-69,2,-71,4,-76,3,-80
1,-69,2,-68,4,-76,3,-80
1,-70,2,-67,4,-76,3,-81
1,-70,2,-66,4,-76,3,-79
1,-71,2,-67,4,-77,3,-78
1,-70,2,-67,4,-76,3,-78
1,-70,2,-67,4,-76,3,-78
1,-69,2,-67,4,-76,3,-78
1,-69,2,-67,4,-76,3,-78
1,-69,2,-67,4,-76,3,-78
1,-70,2,-67,4,-76,3,-80
1,-70,2,-67,4,-75,3,-80
1,-70,2,-67,4,-75,3,-79
1,-70,2,-66,4,-75,3,-80
1,-70,2,-66,4,-76,3,-78
1,-70,2,-65,4,-76,3,-79
1,-70,2,-65,4,-76,3,-78
1,-70,2,-65,4,-76,3,-78
1,-70,2,-66,4,-76,3,-80
1,-70,2,-65,4,-76,3,-79
1,-70,2,-65,4,-76,3,-79
1,-70,2,-65,4,-76,3,-79
1,-70,2,-65,4,-76,3,-79
1,-71,2,-65,4,-76,3,-79
1,-71,2,-65,4,-76,3,-80
1,-71,2,-64,4,-76,3,-79
1,-71,2,-64,4,-76,3,-79
1,-71,2,-64,4,-76,3,-80
1,-66,2,-75,4,-81,3,-77
1,-66,2,-75,4,-81,3,-77
1,-67,2,-75,4,-84,3,-78
1,-66,2,-78,4,-84,3,-78
1,-66,2,-78,4,-84,3,-78
1,-65,2,-77,4,-84,3,-77
1,-63,2,-77,4,-84,3,-78
1,-63,2,-76,4,-83,3,-79
1,-63,2,-76,4,-83,3,-79
1,-63,2,-76,4,-85,3,-79
1,-63,2,-78,4,-85,3,-81
1,-64,2,-78,4,-83,3,-80
1,-64,2,-78,4,-81,3,-78
1,-64,2,-77,4,-81,3,-78
1,-65,2,-78,4,-81,3,-76
1,-64,2,-78,4,-81,3,-76
1,-64,2,-78,4,-81,3,-76
1,-61,2,-78,4,-81,3,-76
1,-60,2,-77,4,-81,3,-78
1,-59,2,-76,4,-81,3,-78
1,-58,2,-76,4,-81,3,-78
1,-57,2,-76,4,-81,3,-78
1,-56,2,-76,4,-82,3,-78
1,-55,2,-76,4,-82,3,-78
1,-57,2,-76,4,-81,3,-77
1,-57,2,-77,4,-82,3,-78
1,-59,2,-77,4,-82,3,-78
1,-60,2,-76,4,-83,3,-78
1,-60,2,-77,4,-84,3,-77
1,-60,2,-77,4,-85,3,-77
1,-60,2,-77,4,-85,3,-78
1,-60,2,-76,4,-81,3,-77
1,-60,2,-76,4,-82,3,-77
1,-60,2,-76,4,-82,3,-78
1,-59,2,-76,4,-82,3,-78
1,-58,2,-76,4,-82,3,-77
1,-57,2,-77,4,-82,3,-77
1,-57,2,-77,4,-81,3,-77
1,-56,2,-77,4,-81,3,-78
1,-55,2,-77,4,-80,3,-78
1,-55,2,-77,4,-80,3,-80
1,-57,2,-76,4,-81,3,-80
1,-59,2,-75,4,-82,3,-79
1,-62,2,-75,4,-83,3,-79
1,-63,2,-75,4,-83,3,-78
1,-63,2,-75,4,-83,3,-77
1,-61,2,-75,4,-83,3,-77
1,-56,2,-75,4,-83,3,-77
1,-55,2,-75,4,-82,3,-77
1,-55,2,-75,4,-79,3,-77
1,-66,2,-79,4,-80,3,-78
1,-66,2,-79,4,-80,3,-78
1,-63,2,-78,4,-82,3,-78
1,-62,2,-78,4,-85,3,-78
1,-63,2,-78,4,-84,3,-78
1,-61,2,-77,4,-83,3,-78
1,-61,2,-77,4,-84,3,-78
1,-62,2,-76,4,-84,3,-78
1,-62,2,-77,4,-83,3,-78
1,-61,2,-76,4,-83,3,-78
1,-61,2,-76,4,-81,3,-78
1,-61,2,-76,4,-81,3,-78
1,-61,2,-75,4,-81,3,-78
1,-61,2,-75,4,-81,3,-78
1,-62,2,-74,4,-81,3,-78
1,-62,2,-76,4,-81,3,-78
1,-63,2,-75,4,-81,3,-78
1,-63,2,-75,4,-82,3,-78
1,-63,2,-76,4,-82,3,-78
1,-63,2,-76,4,-82,3,-78
1,-63,2,-76,4,-82,3,-78
1,-62,2,-75,4,-82,3,-78
1,-62,2,-75,4,-82,3,-78
1,-62,2,-75,4,-82,3,-78
1,-62,2,-75,4,-82,3,-78
1,-63,2,-76,4,-82,3,-77
1,-62,2,-76,4,-82,3,-78
1,-62,2,-76,4,-83,3,-77
1,-63,2,-76,4,-83,3,-77
1,-63,2,-76,4,-83,3,-77
1,-63,2,-76,4,-83,3,-77
1,-62,2,-76,4,-84,3,-76
1,-63,2,-76,4,-84,3,-77
1,-62,2,-76,4,-84,3,-77
1,-62,2,-76,4,-84,3,-77
1,-62,2,-75,4,-84,3,-77
1,-62,2,-75,4,-84,3,-77
1,-62,2,-76,4,-84,3,-77
1,-62,2,-76,4,-84,3,-77
1,-63,2,-76,4,-85,3,-77
1,-62,2,-76,4,-85,3,-77
1,-62,2,-76,4,-85,3,-77
1,-62,2,-77,4,-85,3,-77
1,-61,2,-77,4,-85,3,-78
1,-61,2,-76,4,-85,3,-78
1,-61,2,-76,4,-85,3,-78
1,-61,2,-75,4,-85,3,-78
1,-61,2,-75,4,-85,3,-78
1,-61,2,-75,4,-85,3,-78
1,-62,2,-75,4,-85,3,-78
1,-63,2,-83,4,-82,3,-78
1,-63,2,-84,4,-79,3,-78
1,-63,2,-84,4,-77,3,-79
1,-62,2,-84,4,-76,3,-77
1,-62,2,-84,4,-76,3,-78
1,-62,2,-83,4,-80,3,-79
1,-63,2,-83,4,-81,3,-77
1,-64,2,-83,4,-83,3,-77
1,-64,2,-81,4,-85,3,-78
1,-64,2,-80,4,-85,3,-77
1,-64,2,-79,4,-86,3,-78
1,-64,2,-79,4,-87,3,-79
1,-64,2,-79,4,-87,3,-78
1,-63,2,-78,4,-87,3,-77
1,-63,2,-77,4,-87,3,-77
1,-63,2,-77,4,-85,3,-76
1,-62,2,-77,4,-85,3,-76
1,-62,2,-77,4,-85,3,-77
1,-63,2,-77,4,-85,3,-77
1,-62,2,-77,4,-85,3,-77
1,-62,2,-77,4,-85,3,-78
1,-62,2,-77,4,-85,3,-77
1,-63,2,-77,4,-85,3,-78
1,-63,2,-77,4,-85,3,-78
1,-63,2,-76,4,-85,3,-79
1,-62,2,-76,4,-85,3,-79
1,-61,2,-76,4,-85,3,-78
1,-60,2,-76,4,-85,3,-78
1,-62,2,-77,4,-84,3,-77
1,-61,2,-77,4,-84,3,-79
1,-61,2,-76,4,-84,3,-78
1,-61,2,-75,4,-84,3,-79
1,-62,2,-76,4,-84,3,-79
1,-61,2,-77,4,-84,3,-78
1,-61,2,-77,4,-84,3,-78
1,-61,2,-78,4,-84,3,-81
1,-61,2,-77,4,-82,3,-79
1,-61,2,-78,4,-82,3,-79
1,-61,2,-78,4,-82,3,-78
1,-61,2,-78,4,-82,3,-78
1,-61,2,-78,4,-82,3,-78
1,-62,2,-78,4,-82,3,-78
1,-62,2,-78,4,-82,3,-78
1,-61,2,-78,4,-82,3,-78
1,-61,2,-78,4,-82,3,-78
1,-60,2,-79,4,-82,3,-77
1,-60,2,-80,4,-81,3,-77
1,-60,2,-80,4,-82,3,-77
1,-60,2,-81,4,-82,3,-77
1,-61,2,-81,4,-82,3,-77
1,-65,2,-81,4,-80,3,-77
1,-65,2,-82,4,-82,3,-78
1,-65,2,-86,4,-83,3,-79
1,-66,2,-85,4,-85,3,-79
1,-67,2,-83,4,-86,3,-79
1,-67,2,-81,4,-84,3,-80
1,-67,2,-78,4,-82,3,-80
1,-67,2,-78,4,-82,3,-79
1,-65,2,-77,4,-82,3,-80
1,-65,2,-76,4,-82,3,-80
1,-65,2,-79,4,-82,3,-79
1,-65,2,-81,4,-81,3,-79
1,-64,2,-80,4,-81,3,-79
1,-63,2,-78,4,-83,3,-79
1,-63,2,-80,4,-83,3,-79
1,-63,2,-82,4,-80,3,-78
1,-62,2,-82,4,-80,3,-78
1,-62,2,-80,4,-80,3,-78
1,-62,2,-80,4,-80,3,-78
1,-62,2,-80,4,-80,3,-78
1,-62,2,-79,4,-80,3,-77
1,-63,2,-78,4,-82,3,-77
1,-63,2,-77,4,-80,3,-79
1,-63,2,-76,4,-81,3,-78
1,-63,2,-75,4,-83,3,-79
1,-63,2,-75,4,-84,3,-78
1,-62,2,-74,4,-84,3,-78
1,-64,2,-74,4,-84,3,-80
1,-64,2,-74,4,-83,3,-81
1,-64,2,-74,4,-81,3,-80
1,-65,2,-73,4,-81,3,-80
1,-65,2,-73,4,-82,3,-82
1,-65,2,-73,4,-83,3,-82
1,-66,2,-73,4,-81,3,-81
1,-64,2,-72,4,-80,3,-82
1,-68,2,-72,4,-81,3,-81
1,-71,2,-72,4,-84,3,-80
1,-70,2,-74,4,-85,3,-81
1,-68,2,-73,4,-85,3,-81
1,-64,2,-73,4,-85,3,-81
1,-63,2,-72,4,-85,3,-81
1,-62,2,-72,4,-85,3,-83
1,-61,2,-73,4,-84,3,-81
1,-62,2,-73,4,-86,3,-81
1,-61,2,-73,4,-86,3,-81
1,-61,2,-73,NaN,NaN,3,-80
1,-61,2,-72,3,-80,0,0
1,-61,2,-72,3,-80,0,0
1,-60,2,-72,4,-90,3,-82
1,-60,2,-74,4,-89,3,-82
1,-64,2,-71,4,-82,3,-81
1,-66,2,-71,4,-84,3,-80
1,-67,2,-71,4,-85,3,-82
1,-71,2,-72,4,-87,3,-82
1,-70,2,-72,4,-87,3,-80
1,-70,2,-74,4,-86,3,-81
1,-69,2,-74,4,-85,3,-80
1,-70,2,-74,4,-84,3,-81
1,-70,2,-74,4,-84,3,-82
1,-70,2,-74,4,-83,3,-82
1,-71,2,-74,4,-83,3,-82
1,-71,2,-74,4,-83,3,-82
1,-70,2,-75,4,-83,3,-82
1,-69,2,-75,4,-83,3,-82
1,-69,2,-75,4,-83,3,-82
1,-70,2,-75,4,-83,3,-82
1,-70,2,-74,4,-86,3,-82
1,-70,2,-74,4,-87,3,-82
1,-69,2,-74,4,-86,3,-82
1,-68,2,-74,4,-87,3,-82
1,-68,2,-74,4,-88,3,-82
1,-67,2,-74,4,-89,3,-82
1,-66,2,-74,4,-90,3,-82
1,-68,2,-74,4,-90,3,-81
1,-67,2,-74,4,-90,3,-80
1,-66,2,-76,4,-90,3,-80
1,-66,2,-76,4,-90,3,-81
1,-66,2,-77,4,-91,3,-80
1,-66,2,-77,4,-92,3,-80
1,-66,2,-78,4,-91,3,-80
1,-66,2,-77,4,-91,3,-80
1,-66,2,-76,4,-90,3,-80
1,-67,2,-75,4,-89,3,-79
1,-67,2,-75,4,-88,3,-79
1,-67,2,-74,4,-88,3,-79
1,-66,2,-74,4,-88,3,-79
1,-66,2,-74,4,-88,3,-79
1,-66,2,-75,4,-89,3,-79
1,-66,2,-75,4,-89,3,-78
1,-67,2,-75,4,-89,3,-80
1,-67,2,-75,4,-87,3,-84
1,-66,2,-75,4,-87,3,-82
1,-65,2,-76,4,-87,3,-82
1,-64,2,-77,4,-87,3,-82
1,-66,2,-78,4,-90,3,-82
1,-66,2,-77,4,-89,3,-81
1,-65,2,-77,4,-86,3,-80
1,-65,2,-77,4,-87,3,-80
1,-66,2,-76,4,-87,3,-82
1,-66,2,-75,4,-87,3,-82
1,-71,2,-73,4,-89,3,-82
1,-71,2,-73,4,-89,3,-81
1,-71,2,-73,4,-89,3,-82
1,-72,2,-73,4,-87,3,-81
1,-72,2,-73,4,-85,3,-80
1,-71,2,-74,4,-85,3,-80
1,-71,2,-74,4,-85,3,-80
1,-71,2,-73,4,-87,3,-80
1,-70,2,-73,4,-86,3,-79
1,-70,2,-73,4,-85,3,-79
1,-70,2,-73,4,-84,3,-78
1,-69,2,-73,4,-84,3,-78
1,-69,2,-73,4,-84,3,-78
1,-69,2,-73,4,-84,3,-78
1,-69,2,-73,4,-84,3,-77
1,-69,2,-73,4,-86,3,-77
1,-69,2,-73,4,-85,3,-78
1,-69,2,-73,4,-85,3,-78
1,-68,2,-73,4,-85,3,-77
1,-68,2,-73,4,-88,3,-77
1,-68,2,-74,4,-88,3,-79
1,-68,2,-74,4,-86,3,-80
1,-67,2,-74,4,-86,3,-79
1,-67,2,-75,4,-86,3,-78
1,-67,2,-75,4,-86,3,-77
1,-68,2,-75,4,-87,3,-77
1,-68,2,-75,4,-89,3,-77
1,-67,2,-75,4,-90,3,-77
1,-66,2,-75,4,-90,3,-77
1,-66,2,-75,4,-89,3,-77
1,-66,2,-75,4,-89,3,-78
1,-67,2,-75,4,-89,3,-78
1,-66,2,-75,4,-89,3,-78
1,-66,2,-76,4,-89,3,-79
1,-66,2,-77,4,-89,3,-79
1,-66,2,-77,4,-89,3,-79
1,-66,2,-77,4,-90,3,-79
1,-66,2,-77,4,-91,3,-79
1,-66,2,-77,4,-92,3,-80
1,-66,2,-77,4,-92,3,-78
1,-66,2,-76,4,-92,3,-77
1,-66,2,-76,4,-91,3,-76
1,-66,2,-77,4,-90,3,-76
1,-66,2,-77,4,-89,3,-76
1,-66,2,-77,4,-89,3,-77
1,-66,2,-77,4,-88,3,-79
1,-66,2,-77,4,-87,3,-78
1,-67,2,-77,4,-86,3,-78
1,-66,2,-76,4,-86,3,-79
1,-66,2,-75,4,-85,3,-79
1,-67,2,-69,4,-85,3,-75
1,-68,2,-69,4,-81,3,-74
1,-71,2,-69,4,-80,3,-73
1,-71,2,-69,4,-78,3,-74
1,-72,2,-69,4,-78,3,-74
1,-72,2,-69,4,-77,3,-75
1,-71,2,-73,4,-77,3,-76
1,-70,2,-74,4,-77,3,-76
1,-69,2,-74,4,-77,3,-76
1,-68,2,-72,4,-76,3,-76
1,-68,2,-72,4,-76,3,-76
1,-69,2,-71,4,-76,3,-76
1,-69,2,-71,4,-76,3,-76
1,-69,2,-73,4,-76,3,-76
1,-69,2,-74,4,-76,3,-76
1,-69,2,-78,4,-77,3,-76
1,-69,2,-75,4,-77,3,-76
1,-69,2,-74,4,-77,3,-76
1,-69,2,-72,4,-77,3,-76
1,-69,2,-71,4,-77,3,-76
1,-69,2,-71,4,-77,3,-74
1,-69,2,-70,4,-77,3,-74
1,-69,2,-69,4,-78,3,-74
1,-68,2,-69,4,-78,3,-74
1,-67,2,-69,4,-77,3,-74
1,-66,2,-69,4,-77,3,-74
1,-66,2,-69,4,-77,3,-74
1,-65,2,-68,4,-78,3,-75
1,-64,2,-68,4,-78,3,-75
1,-64,2,-68,4,-78,3,-76
1,-64,2,-69,4,-78,3,-77
1,-64,2,-68,4,-78,3,-78
1,-66,2,-68,4,-78,3,-78
1,-66,2,-68,4,-77,3,-78
1,-67,2,-69,4,-76,3,-79
1,-68,2,-69,4,-76,3,-79
1,-68,2,-69,4,-76,3,-79
1,-68,2,-69,4,-76,3,-79
1,-69,2,-69,4,-76,3,-77
1,-69,2,-69,4,-78,3,-78
1,-70,2,-69,4,-79,3,-78
1,-70,2,-69,4,-79,3,-78
1,-70,2,-69,4,-79,3,-78
1,-70,2,-69,4,-79,3,-78
1,-70,2,-69,4,-79,3,-78
1,-70,2,-69,4,-79,3,-78
1,-70,2,-70,4,-79,3,-78
1,-70,2,-70,4,-79,3,-78
1,-69,2,-68,4,-79,3,-77
1,-69,2,-67,4,-79,3,-78
1,-71,2,-70,4,-76,3,-76
1,-71,2,-69,4,-77,3,-76
1,-71,2,-68,4,-77,3,-76
1,-71,2,-67,4,-77,3,-76
1,-72,2,-67,4,-78,3,-76
1,-72,2,-69,4,-78,3,-76
1,-72,2,-69,4,-78,3,-76
1,-71,2,-69,4,-78,3,-76
1,-71,2,-68,4,-78,3,-76
1,-71,2,-68,4,-78,3,-76
1,-70,2,-68,4,-79,3,-76
1,-70,2,-68,4,-79,3,-76
1,-71,2,-69,4,-79,3,-75
1,-71,2,-69,4,-79,3,-75
1,-71,2,-69,4,-79,3,-74
1,-70,2,-69,4,-79,3,-74
1,-70,2,-69,4,-79,3,-74
1,-69,2,-69,4,-78,3,-74
1,-69,2,-69,4,-77,3,-73
1,-69,2,-69,4,-76,3,-73
1,-68,2,-69,4,-76,3,-74
1,-68,2,-69,4,-76,3,-74
1,-67,2,-68,4,-76,3,-74
1,-67,2,-68,4,-76,3,-74
1,-67,2,-68,4,-76,3,-75
1,-67,2,-69,4,-76,3,-75
1,-67,2,-69,4,-76,3,-75
1,-67,2,-68,4,-76,3,-75
1,-67,2,-68,4,-76,3,-74
1,-67,2,-68,4,-76,3,-75
1,-67,2,-68,4,-77,3,-75
1,-67,2,-68,4,-76,3,-75
1,-67,2,-69,4,-76,3,-75
1,-67,2,-68,4,-76,3,-75
1,-67,2,-68,4,-76,3,-76
1,-67,2,-68,4,-76,3,-76
1,-67,2,-68,4,-76,3,-75
1,-68,2,-67,4,-76,3,-75
1,-68,2,-68,4,-76,3,-76
1,-68,2,-68,4,-76,3,-76
1,-68,2,-70,4,-76,3,-77
1,-68,2,-70,4,-78,3,-77
1,-69,2,-70,4,-79,3,-77
1,-69,2,-70,4,-80,3,-77
1,-69,2,-70,4,-80,3,-76
1,-70,2,-70,4,-80,3,-78
1,-70,2,-69,4,-79,3,-78
1,-70,2,-68,4,-79,3,-77
1,-71,2,-69,4,-78,3,-76
1,-71,2,-69,4,-78,3,-76
1,-59,2,-83,4,-80,3,-76
1,-58,2,-84,4,-80,3,-76
1,-58,2,-83,4,-80,3,-76
1,-58,2,-83,4,-84,3,-76
1,-59,2,-83,4,-84,3,-76
1,-60,2,-86,4,-84,3,-76
1,-60,2,-85,4,-84,3,-76
1,-60,2,-83,4,-84,3,-76
1,-59,2,-83,4,-84,3,-76
1,-59,2,-82,4,-84,3,-77
1,-59,2,-82,4,-81,3,-77
1,-59,2,-82,4,-81,3,-76
1,-60,2,-82,4,-81,3,-76
1,-60,2,-82,4,-81,3,-76
1,-59,2,-82,4,-82,3,-77
1,-59,2,-82,4,-82,3,-76
1,-59,2,-83,4,-82,3,-76
1,-59,2,-84,4,-82,3,-76
1,-59,2,-83,4,-82,3,-76
1,-59,2,-83,4,-82,3,-75
1,-58,2,-82,4,-82,3,-74
1,-58,2,-82,4,-81,3,-74
1,-58,2,-82,4,-80,3,-74
1,-57,2,-81,4,-80,3,-74
1,-57,2,-81,4,-80,3,-74
1,-57,2,-81,4,-80,3,-75
1,-57,2,-81,4,-78,3,-75
1,-57,2,-80,4,-78,3,-76
1,-57,2,-80,4,-77,3,-77
1,-57,2,-80,4,-76,3,-77
1,-57,2,-80,4,-76,3,-77
1,-57,2,-80,4,-76,3,-77
1,-57,2,-80,4,-76,3,-75
1,-57,2,-81,4,-76,3,-75
1,-57,2,-81,4,-76,3,-74
1,-57,2,-81,4,-76,3,-75
1,-57,2,-83,4,-76,3,-75
1,-57,2,-83,4,-78,3,-76
1,-58,2,-83,4,-78,3,-76
1,-58,2,-83,4,-79,3,-77
1,-57,2,-83,4,-80,3,-77
1,-58,2,-83,4,-80,3,-77
1,-58,2,-83,4,-80,3,-77
1,-62,2,-83,4,-80,3,-77
1,-60,2,-83,4,-80,3,-77
1,-59,2,-82,4,-80,3,-77
1,-59,2,-81,4,-80,3,-77
1,-58,2,-81,4,-80,3,-77
1,-57,2,-81,4,-79,3,-77
1,-57,2,-81,4,-78,3,-77
1,-66,2,-79,4,-76,3,-79
1,-65,2,-79,4,-77,3,-80
1,-64,2,-80,4,-79,3,-80
1,-63,2,-81,4,-81,3,-79
1,-63,2,-81,4,-82,3,-79
1,-61,2,-79,4,-84,3,-79
1,-61,2,-79,4,-84,3,-79
1,-61,2,-79,4,-84,3,-80
1,-61,2,-79,4,-84,3,-80
1,-61,2,-79,4,-84,3,-80
1,-60,2,-79,4,-83,3,-80
1,-61,2,-79,4,-83,3,-79
1,-61,2,-79,4,-83,3,-78
1,-61,2,-79,4,-83,3,-79
1,-61,2,-79,4,-83,3,-79
1,-61,2,-79,4,-83,3,-79
1,-60,2,-79,4,-83,3,-79
1,-60,2,-79,4,-83,3,-79
1,-60,2,-80,4,-83,3,-78
1,-60,2,-81,4,-83,3,-80
1,-60,2,-81,4,-83,3,-81
1,-60,2,-81,4,-83,3,-81
1,-64,2,-80,4,-83,3,-82
1,-63,2,-80,4,-83,3,-81
1,-62,2,-80,4,-83,3,-80
1,-61,2,-80,4,-83,3,-79
1,-60,2,-81,4,-83,3,-78
1,-61,2,-80,4,-84,3,-78
1,-61,2,-80,4,-84,3,-78
1,-61,2,-80,4,-84,3,-78
1,-60,2,-80,4,-84,3,-78
1,-59,2,-80,4,-84,3,-78
1,-59,2,-80,4,-84,3,-79
1,-58,2,-80,4,-84,3,-79
1,-58,2,-80,4,-84,3,-79
1,-59,2,-80,4,-84,3,-79
1,-58,2,-80,4,-84,3,-80
1,-59,2,-80,4,-84,3,-79
1,-60,2,-80,4,-84,3,-79
1,-60,2,-80,4,-84,3,-79
1,-61,2,-80,4,-84,3,-79
1,-61,2,-80,4,-84,3,-79
1,-61,2,-80,4,-84,3,-79
1,-61,2,-80,4,-84,3,-80
1,-62,2,-80,4,-84,3,-79
1,-61,2,-80,4,-84,3,-79
1,-61,2,-80,4,-84,3,-79
1,-61,2,-80,4,-84,3,-79
1,-61,2,-80,4,-84,3,-78
1,-61,2,-80,4,-84,3,-78
1,-69,2,-79,4,-78,3,-81
1,-69,2,-79,4,-80,3,-80
1,-68,2,-79,4,-83,3,-78
1,-67,2,-78,4,-84,3,-78
1,-66,2,-78,4,-86,3,-79
1,-65,2,-79,4,-86,3,-78
1,-65,2,-80,4,-86,3,-78
1,-65,2,-80,4,-86,3,-79
1,-65,2,-80,4,-86,3,-79
1,-64,2,-82,4,-85,3,-79
1,-64,2,-84,4,-84,3,-79
1,-64,2,-85,4,-83,3,-80
1,-64,2,-85,4,-83,3,-80
1,-63,2,-86,4,-82,3,-79
1,-63,2,-86,4,-82,3,-79
1,-63,2,-86,4,-83,3,-79
1,-63,2,-85,4,-82,3,-79
1,-62,2,-85,4,-84,3,-80
1,-62,2,-84,4,-83,3,-79
1,-62,2,-83,4,-83,3,-78
1,-62,2,-82,4,-82,3,-79
1,-62,2,-81,4,-82,3,-79
1,-63,2,-81,4,-81,3,-80
1,-62,2,-80,4,-83,3,-80
1,-62,2,-80,4,-83,3,-80
1,-62,2,-80,4,-83,3,-81
1,-62,2,-79,4,-83,3,-80
1,-62,2,-79,4,-83,3,-81
1,-61,2,-81,4,-83,3,-80
1,-62,2,-81,4,-83,3,-80
1,-62,2,-82,4,-83,3,-81
1,-61,2,-82,4,-83,3,-82
1,-61,2,-82,4,-83,3,-81
1,-61,2,-82,4,-83,3,-81
1,-61,2,-81,4,-83,3,-81
1,-61,2,-78,4,-83,3,-82
1,-61,2,-78,4,-83,3,-80
1,-61,2,-79,4,-83,3,-80
1,-61,2,-79,4,-81,3,-80
1,-62,2,-79,4,-80,3,-81
1,-61,2,-79,4,-80,3,-82
1,-61,2,-79,4,-79,3,-83
1,-62,2,-79,4,-79,3,-84
1,-62,2,-79,4,-79,3,-85
1,-62,2,-81,4,-80,3,-83
1,-61,2,-80,4,-81,3,-83
1,-61,2,-80,4,-82,3,-82
1,-62,2,-80,4,-82,3,-80
1,-61,2,-80,4,-83,3,-79
1,-61,2,-79,4,-83,3,-79
1,-69,2,-77,4,-80,3,-78
1,-68,2,-77,4,-81,3,-78
1,-68,2,-77,4,-82,3,-78
1,-68,2,-77,4,-82,3,-79
1,-67,2,-77,4,-82,3,-79
1,-66,2,-76,4,-84,3,-80
1,-66,2,-76,4,-84,3,-81
1,-66,2,-76,4,-84,3,-81
1,-65,2,-76,4,-84,3,-82
1,-65,2,-76,4,-84,3,-81
1,-65,2,-76,4,-84,3,-83
1,-66,2,-76,4,-84,3,-82
1,-66,2,-76,4,-83,3,-81
1,-66,2,-76,4,-83,3,-81
1,-66,2,-76,4,-82,3,-81
1,-66,2,-77,4,-82,3,-80
1,-66,2,-77,4,-82,3,-80
1,-66,2,-77,4,-82,3,-81
1,-66,2,-77,4,-82,3,-81
1,-65,2,-77,4,-80,3,-81
1,-65,2,-77,4,-80,3,-80
1,-65,2,-77,4,-81,3,-79
1,-65,2,-77,4,-83,3,-79
1,-64,2,-77,4,-87,3,-78
1,-64,2,-78,4,-88,3,-80
1,-65,2,-78,4,-89,3,-80
1,-65,2,-78,4,-87,3,-80
1,-65,2,-77,4,-87,3,-80
1,-65,2,-78,4,-87,3,-81
1,-65,2,-77,4,-87,3,-81
1,-65,2,-77,4,-87,3,-81
1,-65,2,-77,4,-87,3,-81
1,-65,2,-77,4,-87,3,-80
1,-65,2,-79,4,-87,3,-80
1,-64,2,-79,4,-86,3,-79
1,-64,2,-79,4,-85,3,-79
1,-64,2,-79,4,-85,3,-79
1,-64,2,-79,4,-85,3,-79
1,-66,2,-79,4,-85,3,-78
1,-66,2,-80,4,-85,3,-78
1,-67,2,-80,4,-85,3,-79
1,-66,2,-80,4,-85,3,-80
1,-66,2,-80,4,-85,3,-79
1,-66,2,-79,4,-85,3,-79
1,-66,2,-79,4,-85,3,-80
1,-66,2,-79,4,-85,3,-81
1,-66,2,-78,4,-86,3,-81
1,-66,2,-78,4,-87,3,-81
1,-66,2,-78,4,-89,3,-80
1,-66,2,-78,4,-89,3,-81
1,-70,2,-74,4,-84,3,-77
1,-71,2,-74,4,-85,3,-77
1,-70,2,-74,4,-87,3,-76
1,-70,2,-73,4,-89,3,-76
1,-69,2,-73,4,-91,3,-76
1,-68,2,-73,4,-91,3,-76
1,-67,2,-73,4,-90,3,-76
1,-67,2,-73,4,-90,3,-76
1,-68,2,-73,4,-89,3,-76
1,-68,2,-73,4,-90,3,-76
1,-69,2,-73,4,-90,3,-76
1,-68,2,-72,4,-91,3,-77
1,-68,2,-72,4,-91,3,-77
1,-68,2,-72,4,-91,3,-77
1,-68,2,-73,4,-90,3,-78
1,-68,2,-74,4,-89,3,-78
1,-68,2,-74,4,-90,3,-77
1,-68,2,-74,4,-91,3,-76
1,-69,2,-74,4,-91,3,-76
1,-69,2,-75,4,-91,3,-77
1,-68,2,-74,4,-91,3,-76
1,-67,2,-74,4,-91,3,-75
1,-67,2,-74,4,-91,3,-77
1,-67,2,-74,4,-91,3,-77
1,-67,2,-74,4,-90,3,-77
1,-67,2,-74,4,-88,3,-77
1,-67,2,-75,4,-87,3,-77
1,-67,2,-75,4,-87,3,-76
1,-67,2,-75,4,-87,3,-75
1,-67,2,-76,4,-87,3,-75
1,-66,2,-76,4,-87,3,-75
1,-65,2,-76,4,-87,3,-75
1,-65,2,-76,4,-87,3,-75
1,-66,2,-76,4,-87,3,-75
1,-66,2,-77,4,-86,3,-76
1,-66,2,-77,4,-85,3,-75
1,-66,2,-77,4,-84,3,-75
1,-66,2,-77,4,-83,3,-75
1,-67,2,-78,4,-84,3,-75
1,-67,2,-79,4,-86,3,-75
1,-67,2,-79,4,-87,3,-75
1,-66,2,-79,4,-87,3,-76
1,-66,2,-78,4,-88,3,-76
1,-66,2,-78,4,-88,3,-77
1,-66,2,-78,4,-87,3,-77
1,-66,2,-78,4,-85,3,-77
1,-66,2,-78,4,-85,3,-76
1,-66,2,-78,4,-85,3,-76
1,-66,2,-77,4,-84,3,-76
1,-67,2,-77,4,-84,3,-76
1,-68,2,-71,4,-76,3,-79
1,-68,2,-72,4,-75,3,-77
1,-69,2,-72,4,-75,3,-76
1,-68,2,-72,4,-75,3,-75
1,-67,2,-72,4,-76,3,-75
1,-69,2,-72,4,-77,3,-74
1,-71,2,-72,4,-79,3,-74
1,-71,2,-71,4,-84,3,-74
1,-69,2,-71,4,-85,3,-75
1,-69,2,-71,4,-85,3,-75
1,-68,2,-71,4,-85,3,-76
1,-68,2,-71,4,-85,3,-77
1,-68,2,-71,4,-89,3,-77
1,-68,2,-71,4,-89,3,-77
1,-68,2,-71,4,-87,3,-77
1,-68,2,-71,4,-84,3,-77
1,-68,2,-71,4,-82,3,-76
1,-68,2,-72,4,-82,3,-75
1,-68,2,-72,4,-82,3,-75
1,-68,2,-71,4,-83,3,-75
1,-68,2,-71,4,-85,3,-74
1,-68,2,-71,4,-85,3,-74
1,-68,2,-71,4,-85,3,-75
1,-68,2,-71,4,-85,3,-75
1,-68,2,-71,4,-85,3,-76
1,-68,2,-71,4,-83,3,-76
1,-68,2,-71,4,-80,3,-75
1,-69,2,-72,4,-80,3,-77
1,-69,2,-72,4,-80,3,-76
1,-69,2,-72,4,-80,3,-76
1,-71,2,-72,4,-80,3,-76
1,-70,2,-72,4,-80,3,-76
1,-70,2,-72,4,-80,3,-77
1,-69,2,-71,4,-80,3,-77
1,-69,2,-71,4,-80,3,-77
1,-68,2,-71,4,-80,3,-77
1,-68,2,-72,4,-81,3,-79
1,-68,2,-72,4,-82,3,-79
1,-68,2,-74,4,-83,3,-78
1,-69,2,-75,4,-85,3,-77
1,-68,2,-76,4,-87,3,-77
1,-68,2,-76,4,-85,3,-78
1,-68,2,-75,4,-83,3,-78
1,-68,2,-74,4,-82,3,-77
1,-68,2,-74,4,-82,3,-76
1,-68,2,-73,4,-82,3,-76
1,-68,2,-72,4,-82,3,-75
1,-68,2,-71,4,-82,3,-74
1,-68,2,-72,4,-82,3,-73
1,-67,2,-71,4,-82,3,-73
1,-68,2,-70,4,-80,3,-74
1,-70,2,-70,4,-79,3,-73
1,-71,2,-70,4,-83,3,-73
1,-71,2,-71,4,-83,3,-73
1,-71,2,-71,4,-80,3,-73
1,-70,2,-71,4,-78,3,-73
1,-70,2,-71,4,-76,3,-73
1,-69,2,-71,4,-76,3,-73
1,-69,2,-71,4,-76,3,-73
1,-69,2,-71,4,-74,3,-73
1,-69,2,-71,4,-74,3,-73
1,-69,2,-70,4,-74,3,-73
1,-69,2,-69,4,-74,3,-74
1,-68,2,-69,4,-74,3,-73
1,-68,2,-69,4,-74,3,-73
1,-68,2,-69,4,-74,3,-73
1,-68,2,-69,4,-75,3,-74
1,-69,2,-70,4,-76,3,-74
1,-69,2,-70,4,-77,3,-74
1,-69,2,-70,4,-77,3,-74
1,-69,2,-70,4,-78,3,-73
1,-69,2,-70,4,-78,3,-73
1,-70,2,-70,4,-78,3,-73
1,-70,2,-70,4,-80,3,-73
1,-70,2,-70,4,-83,3,-73
1,-70,2,-70,4,-86,3,-73
1,-70,2,-70,4,-85,3,-73
1,-70,2,-70,4,-85,3,-73
1,-69,2,-70,4,-85,3,-72
1,-69,2,-71,4,-84,3,-72
1,-69,2,-76,4,-81,3,-72
1,-69,2,-77,4,-78,3,-72
1,-69,2,-77,4,-76,3,-73
1,-69,2,-75,4,-76,3,-74
1,-69,2,-74,4,-75,3,-74
1,-69,2,-73,4,-75,3,-73
1,-69,2,-73,4,-75,3,-73
1,-69,2,-73,4,-75,3,-73
1,-69,2,-73,4,-75,3,-74
1,-67,2,-73,4,-74,3,-75
1,-66,2,-75,4,-74,3,-77
1,-66,2,-77,4,-74,3,-77
1,-66,2,-79,4,-74,3,-76
1,-67,2,-79,4,-75,3,-75
1,-66,2,-78,4,-76,3,-75
1,-66,2,-77,4,-78,3,-75
1,-65,2,-74,4,-75,3,-74
1,-64,2,-72,4,-73,3,-75
1,-64,2,-71,4,-74,3,-76
1,-64,2,-70,4,-74,3,-78
1,-71,2,-67,4,-80,3,-74
1,-71,2,-67,4,-85,3,-73
1,-70,2,-69,4,-85,3,-73
1,-70,2,-69,4,-84,3,-73
1,-72,2,-69,4,-78,3,-73
1,-72,2,-69,4,-77,3,-73
1,-71,2,-69,4,-75,3,-73
1,-70,2,-69,4,-74,3,-73
1,-69,2,-69,4,-74,3,-74
1,-69,2,-70,4,-74,3,-74
1,-69,2,-71,4,-74,3,-74
1,-69,2,-71,4,-74,3,-74
1,-69,2,-71,4,-73,3,-74
1,-69,2,-70,4,-73,3,-73
1,-70,2,-69,4,-73,3,-73
1,-70,2,-69,4,-73,3,-73
1,-70,2,-70,4,-73,3,-73
1,-70,2,-70,4,-74,3,-73
1,-70,2,-69,4,-74,3,-72
1,-69,2,-69,4,-74,3,-72
1,-69,2,-69,4,-76,3,-72
1,-69,2,-69,4,-76,3,-72
1,-69,2,-69,4,-77,3,-72
1,-68,2,-69,4,-77,3,-72
1,-68,2,-69,4,-77,3,-72
1,-68,2,-68,4,-78,3,-73
1,-68,2,-67,4,-78,3,-73
1,-68,2,-67,4,-78,3,-74
1,-67,2,-67,4,-78,3,-74
1,-68,2,-66,4,-76,3,-74
1,-68,2,-66,4,-75,3,-74
1,-69,2,-66,4,-74,3,-75
1,-70,2,-66,4,-74,3,-75
1,-70,2,-66,4,-74,3,-75
1,-70,2,-66,4,-74,3,-75
1,-71,2,-67,4,-74,3,-74
1,-71,2,-66,4,-74,3,-74
1,-70,2,-66,4,-74,3,-74
1,-70,2,-66,4,-74,3,-74
1,-70,2,-66,4,-75,3,-74
1,-71,2,-67,4,-75,3,-75
1,-71,2,-66,4,-75,3,-74
1,-71,2,-66,4,-74,3,-74
1,-71,2,-66,4,-74,3,-74
1,-71,2,-66,4,-75,3,-75
1,-72,2,-67,4,-74,3,-74
1,-72,2,-67,4,-74,3,-75
1,-72,2,-67,4,-73,3,-75
1,-72,2,-69,4,-73,3,-75
1,-72,2,-70,4,-73,3,-75
1,-61,2,-81,4,-81,3,-73
1,-61,2,-81,4,-81,3,-73
1,-60,2,-82,4,-84,3,-73
1,-60,2,-82,4,-85,3,-73
1,-60,2,-85,4,-89,3,-73
1,-60,2,-85,4,-90,3,-73
1,-60,2,-84,4,-90,3,-73
1,-60,2,-83,4,-91,3,-73
1,-59,2,-82,4,-91,3,-73
1,-59,2,-80,4,-91,3,-73
1,-59,2,-78,4,-91,3,-73
1,-59,2,-77,4,-90,3,-73
1,-59,2,-77,4,-90,3,-73
1,-59,2,-77,4,-90,3,-74
1,-59,2,-77,4,-90,3,-74
1,-60,2,-77,4,-89,3,-74
1,-61,2,-77,4,-87,3,-73
1,-61,2,-77,4,-83,3,-73
1,-61,2,-77,4,-81,3,-73
1,-61,2,-77,4,-79,3,-73
1,-61,2,-77,4,-77,3,-72
1,-60,2,-77,4,-76,3,-73
1,-60,2,-77,4,-76,3,-72
1,-60,2,-77,4,-77,3,-72
1,-60,2,-77,4,-77,3,-72
1,-59,2,-77,4,-77,3,-71
1,-59,2,-77,4,-78,3,-71
1,-59,2,-78,4,-78,3,-71
1,-59,2,-78,4,-78,3,-71
1,-61,2,-78,4,-77,3,-71
1,-61,2,-79,4,-77,3,-71
1,-61,2,-79,4,-76,3,-71
1,-61,2,-79,4,-76,3,-71
1,-62,2,-79,4,-75,3,-71
1,-62,2,-79,4,-75,3,-71
1,-62,2,-80,4,-75,3,-71
1,-62,2,-80,4,-76,3,-71
1,-62,2,-80,4,-76,3,-72
1,-62,2,-82,4,-76,3,-72
1,-61,2,-83,4,-76,3,-71
1,-61,2,-83,4,-76,3,-71
1,-59,2,-84,4,-75,3,-71
1,-58,2,-84,4,-75,3,-71
1,-59,2,-85,4,-75,3,-72
1,-59,2,-87,4,-75,3,-72
1,-59,2,-87,4,-76,3,-72
1,-59,2,-87,4,-77,3,-72
1,-59,2,-87,4,-78,3,-73
1,-59,2,-87,4,-78,3,-73
1,-59,2,-87,4,-78,3,-73
1,-70,2,-77,4,-76,3,-74
1,-70,2,-77,4,-76,3,-74
1,-72,2,-78,4,-76,3,-74
1,-71,2,-78,4,-76,3,-74
1,-69,2,-78,4,-77,3,-74
1,-66,2,-79,4,-78,3,-73
1,-65,2,-81,4,-78,3,-73
1,-67,2,-83,4,-79,3,-73
1,-66,2,-83,4,-81,3,-73
1,-66,2,-83,4,-82,3,-73
1,-65,2,-82,4,-82,3,-74
1,-65,2,-82,4,-82,3,-74
1,-63,2,-82,4,-82,3,-74
1,-62,2,-81,4,-82,3,-74
1,-62,2,-81,4,-82,3,-74
1,-62,2,-81,4,-81,3,-74
1,-62,2,-81,4,-81,3,-75
1,-62,2,-81,4,-81,3,-76
1,-62,2,-83,4,-79,3,-76
1,-62,2,-85,4,-78,3,-76
1,-62,2,-86,4,-78,3,-78
1,-62,2,-87,4,-77,3,-78
1,-61,2,-86,4,-77,3,-78
1,-61,2,-85,4,-77,3,-78
1,-61,2,-84,4,-78,3,-78
1,-61,2,-83,4,-79,3,-77
1,-60,2,-82,4,-78,3,-76
1,-60,2,-82,4,-78,3,-75
1,-60,2,-81,4,-77,3,-74
1,-60,2,-80,4,-77,3,-74
1,-60,2,-80,4,-77,3,-74
1,-60,2,-81,4,-77,3,-74
1,-60,2,-81,4,-77,3,-73
1,-60,2,-81,4,-77,3,-74
1,-60,2,-80,4,-77,3,-74
1,-59,2,-78,4,-77,3,-75
1,-59,2,-76,4,-77,3,-75
1,-59,2,-77,4,-77,3,-75
1,-60,2,-79,4,-78,3,-75
1,-60,2,-80,4,-79,3,-75
1,-60,2,-77,4,-79,3,-75
1,-60,2,-76,4,-79,3,-75
1,-60,2,-75,4,-79,3,-75
1,-60,2,-77,4,-79,3,-75
1,-60,2,-78,4,-79,3,-74
1,-61,2,-79,4,-78,3,-74
1,-61,2,-78,4,-78,3,-74
1,-61,2,-77,4,-78,3,-73
1,-60,2,-77,4,-78,3,-74
1,-60,2,-77,4,-78,3,-75
1,-67,2,-78,4,-79,3,-75
1,-67,2,-80,4,-79,3,-75
1,-66,2,-80,4,-79,3,-75
1,-65,2,-82,4,-79,3,-75
1,-64,2,-83,4,-79,3,-77
1,-64,2,-82,4,-79,3,-76
1,-64,2,-82,4,-79,3,-76
1,-67,2,-82,4,-79,3,-76
1,-66,2,-84,4,-79,3,-76
1,-64,2,-82,4,-79,3,-76
1,-64,2,-80,4,-79,3,-75
1,-62,2,-78,4,-80,3,-76
1,-63,2,-77,4,-79,3,-78
1,-63,2,-77,4,-79,3,-77
1,-63,2,-77,4,-79,3,-76
1,-65,2,-77,4,-79,3,-75
1,-64,2,-76,4,-80,3,-76
1,-64,2,-76,4,-81,3,-76
1,-63,2,-75,4,-82,3,-76
1,-63,2,-75,4,-82,3,-76
1,-62,2,-75,4,-82,3,-75
1,-62,2,-75,4,-83,3,-75
1,-62,2,-75,4,-83,3,-75
1,-62,2,-75,4,-83,3,-75
1,-62,2,-75,4,-82,3,-75
1,-62,2,-75,4,-83,3,-74
1,-62,2,-75,4,-82,3,-74
1,-63,2,-75,4,-81,3,-74
1,-63,2,-75,4,-78,3,-74
1,-65,2,-76,4,-78,3,-75
1,-65,2,-76,4,-79,3,-75
1,-67,2,-77,4,-79,3,-75
1,-67,2,-77,4,-79,3,-75
1,-67,2,-77,4,-78,3,-74
1,-67,2,-77,4,-77,3,-75
1,-66,2,-77,4,-77,3,-75
1,-65,2,-77,4,-77,3,-75
1,-65,2,-77,4,-76,3,-75
1,-64,2,-77,4,-76,3,-76
1,-64,2,-77,4,-76,3,-76
1,-65,2,-77,4,-74,3,-76
1,-64,2,-77,4,-75,3,-75
1,-65,2,-77,4,-75,3,-75
1,-66,2,-78,4,-75,3,-75
1,-64,2,-78,4,-75,3,-75
1,-64,2,-78,4,-76,3,-75
1,-65,2,-78,4,-76,3,-76
1,-65,2,-78,4,-76,3,-76
1,-65,2,-78,4,-76,3,-75
1,-66,2,-78,4,-76,3,-76
1,-72,2,-76,4,-79,3,-77
1,-70,2,-76,4,-81,3,-77
1,-67,2,-76,4,-82,3,-77
1,-66,2,-76,4,-82,3,-77
1,-66,2,-76,4,-82,3,-77
1,-66,2,-76,4,-82,3,-77
1,-66,2,-76,4,-83,3,-77
1,-66,2,-76,4,-83,3,-77
1,-66,2,-76,4,-82,3,-76
1,-67,2,-76,4,-81,3,-75
1,-67,2,-76,4,-80,3,-75
1,-67,2,-75,4,-80,3,-75
1,-67,2,-75,4,-80,3,-75
1,-66,2,-75,4,-82,3,-75
1,-66,2,-75,4,-84,3,-75
1,-67,2,-77,4,-83,3,-75
1,-67,2,-76,4,-83,3,-75
1,-67,2,-76,4,-83,3,-75
1,-66,2,-76,4,-83,3,-76
1,-66,2,-76,4,-83,3,-76
1,-65,2,-76,4,-83,3,-78
1,-65,2,-76,4,-83,3,-78
1,-64,2,-76,4,-82,3,-78
1,-64,2,-76,4,-82,3,-78
1,-64,2,-76,4,-82,3,-77
1,-64,2,-77,4,-82,3,-75
1,-66,2,-77,4,-82,3,-75
1,-66,2,-78,4,-83,3,-75
1,-66,2,-78,4,-83,3,-76
1,-66,2,-78,4,-83,3,-76
1,-66,2,-78,4,-82,3,-76
1,-66,2,-78,4,-82,3,-76
1,-66,2,-77,4,-82,3,-75
1,-67,2,-77,4,-82,3,-75
1,-67,2,-76,4,-82,3,-73
1,-68,2,-76,4,-82,3,-74
1,-67,2,-76,4,-82,3,-75
1,-66,2,-75,4,-82,3,-75
1,-67,2,-75,4,-82,3,-77
1,-67,2,-75,4,-81,3,-80
1,-66,2,-75,4,-81,3,-81
1,-66,2,-76,4,-80,3,-83
1,-66,2,-75,4,-81,3,-83
1,-66,2,-74,4,-82,3,-81
1,-67,2,-74,4,-81,3,-81
1,-66,2,-73,4,-81,3,-81
1,-66,2,-74,4,-81,3,-81
1,-66,2,-74,4,-81,3,-81
1,-66,2,-75,4,-81,3,-78
1,-66,2,-75,4,-81,3,-77
1,-66,2,-73,4,-74,3,-78
1,-67,2,-73,4,-74,3,-79
1,-67,2,-72,4,-75,3,-79
1,-68,2,-72,4,-77,3,-81
1,-72,2,-72,4,-78,3,-80
1,-72,2,-72,4,-80,3,-79
1,-71,2,-72,4,-80,3,-79
1,-70,2,-73,4,-80,3,-79
1,-69,2,-73,4,-80,3,-79
1,-69,2,-73,4,-80,3,-79
1,-69,2,-73,4,-80,3,-79
1,-69,2,-73,4,-80,3,-79
1,-69,2,-73,4,-80,3,-79
1,-69,2,-75,4,-80,3,-79
1,-68,2,-74,4,-79,3,-78
1,-68,2,-74,4,-80,3,-77
1,-70,2,-74,4,-82,3,-77
1,-70,2,-74,4,-81,3,-79
1,-71,2,-73,4,-80,3,-79
1,-71,2,-73,4,-80,3,-79
1,-71,2,-73,4,-80,3,-79
1,-70,2,-73,4,-80,3,-78
1,-69,2,-73,4,-82,3,-77
1,-69,2,-73,4,-83,3,-76
1,-69,2,-73,4,-85,3,-75
1,-69,2,-74,4,-86,3,-75
1,-67,2,-74,4,-88,3,-75
1,-68,2,-74,4,-88,3,-77
1,-68,2,-74,4,-89,3,-78
1,-68,2,-75,4,-89,3,-76
1,-68,2,-75,4,-90,3,-75
1,-68,2,-75,4,-90,3,-74
1,-68,2,-75,4,-90,3,-73
1,-68,2,-75,4,-90,3,-73
1,-69,2,-75,4,-90,3,-73
1,-68,2,-74,4,-90,3,-73
1,-67,2,-74,4,-90,3,-73
1,-67,2,-74,4,-90,3,-72
1,-66,2,-74,4,-90,3,-72
1,-66,2,-74,4,-88,3,-72
1,-66,2,-74,4,-88,3,-72
1,-66,2,-74,4,-88,3,-73
1,-65,2,-75,4,-88,3,-73
1,-65,2,-75,4,-88,3,-73
1,-65,2,-75,4,-89,3,-73
1,-65,2,-74,4,-89,3,-73
1,-65,2,-73,4,-90,3,-73
1,-66,2,-73,4,-90,3,-74
1,-66,2,-73,4,-90,3,-73
1,-66,2,-73,4,-89,3,-73
1,-73,2,-71,4,-80,3,-77
1,-73,2,-72,4,-81,3,-77
1,-71,2,-72,4,-81,3,-76
1,-71,2,-72,4,-83,3,-76
1,-69,2,-72,4,-83,3,-76
1,-69,2,-72,4,-83,3,-76
1,-69,2,-72,4,-83,3,-76
1,-69,2,-72,4,-83,3,-75
1,-69,2,-72,4,-80,3,-74
1,-69,2,-72,4,-80,3,-74
1,-69,2,-72,4,-81,3,-73
1,-69,2,-72,4,-81,3,-73
1,-69,2,-71,4,-82,3,-73
1,-69,2,-71,4,-84,3,-73
1,-69,2,-71,4,-85,3,-73
1,-69,2,-71,4,-85,3,-73
1,-69,2,-71,4,-85,3,-73
1,-69,2,-71,4,-82,3,-74
1,-70,2,-71,4,-80,3,-74
1,-70,2,-71,4,-80,3,-74
1,-70,2,-71,4,-82,3,-73
1,-69,2,-71,4,-82,3,-73
1,-69,2,-72,4,-82,3,-74
1,-69,2,-72,4,-82,3,-74
1,-69,2,-72,4,-82,3,-74
1,-69,2,-72,4,-80,3,-72
1,-68,2,-72,4,-80,3,-72
1,-69,2,-72,4,-80,3,-71
1,-69,2,-72,4,-80,3,-71
1,-69,2,-72,4,-80,3,-71
1,-70,2,-73,4,-80,3,-70
1,-69,2,-73,4,-79,3,-70
1,-69,2,-73,4,-77,3,-70
1,-68,2,-73,4,-77,3,-70
1,-68,2,-74,4,-77,3,-70
1,-68,2,-74,4,-78,3,-70
1,-68,2,-74,4,-78,3,-71
1,-67,2,-74,4,-78,3,-71
1,-67,2,-74,4,-80,3,-71
1,-69,2,-74,4,-80,3,-71
1,-69,2,-73,4,-79,3,-71
1,-68,2,-73,4,-78,3,-71
1,-67,2,-73,4,-77,3,-71
1,-67,2,-73,4,-76,3,-72
1,-67,2,-73,4,-76,3,-71
1,-67,2,-72,4,-77,3,-71
1,-67,2,-72,4,-78,3,-71
1,-66,2,-72,4,-83,3,-71
1,-67,2,-72,4,-83,3,-71
1,-67,2,-72,4,-83,3,-71
1,-68,2,-72,4,-75,3,-72
1,-70,2,-72,4,-77,3,-72
1,-73,2,-72,4,-79,3,-72
1,-73,2,-72,4,-80,3,-71
1,-73,2,-72,4,-80,3,-71
1,-72,2,-72,4,-80,3,-72
1,-71,2,-72,4,-80,3,-71
1,-70,2,-72,4,-80,3,-71
1,-69,2,-72,4,-80,3,-71
1,-68,2,-72,4,-79,3,-71
1,-68,2,-73,4,-78,3,-71
1,-68,2,-73,4,-77,3,-71
1,-67,2,-74,4,-75,3,-71
1,-67,2,-73,4,-74,3,-71
1,-66,2,-72,4,-73,3,-71
1,-67,2,-71,4,-72,3,-70
1,-67,2,-71,4,-72,3,-72
1,-67,2,-72,4,-71,3,-72
1,-67,2,-71,4,-71,3,-71
1,-66,2,-70,4,-70,3,-71
1,-66,2,-69,4,-70,3,-71
1,-66,2,-69,4,-70,3,-71
1,-66,2,-69,4,-70,3,-70
1,-65,2,-69,4,-72,3,-71
1,-66,2,-69,4,-74,3,-71
1,-65,2,-69,4,-74,3,-71
1,-65,2,-69,4,-72,3,-73
1,-65,2,-69,4,-72,3,-72
1,-65,2,-70,4,-73,3,-73
1,-65,2,-70,4,-73,3,-73
1,-65,2,-70,4,-73,3,-74
1,-66,2,-70,4,-73,3,-74
1,-67,2,-70,4,-78,3,-74
1,-69,2,-70,4,-77,3,-74
1,-71,2,-70,4,-76,3,-74
1,-72,2,-71,4,-76,3,-74
1,-72,2,-72,4,-75,3,-73
1,-72,2,-71,4,-75,3,-73
1,-73,2,-71,4,-75,3,-73
1,-72,2,-71,4,-75,3,-72
1,-72,2,-71,4,-75,3,-72
1,-72,2,-70,4,-75,3,-72
1,-72,2,-70,4,-77,3,-72
1,-72,2,-70,4,-77,3,-73
1,-72,2,-70,4,-77,3,-72
1,-72,2,-70,4,-76,3,-72
1,-72,2,-70,4,-76,3,-72
1,-72,2,-70,4,-76,3,-72
1,-72,2,-70,4,-76,3,-73
1,-71,2,-70,4,-76,3,-74
1,-66,2,-70,4,-70,3,-72
1,-66,2,-70,4,-70,3,-72
1,-65,2,-71,4,-70,3,-72
1,-66,2,-70,4,-70,3,-71
1,-65,2,-69,4,-70,3,-71
1,-65,2,-68,4,-70,3,-71
1,-65,2,-69,4,-70,3,-72
1,-65,2,-68,4,-70,3,-73
1,-65,2,-69,4,-70,3,-73
1,-65,2,-69,4,-70,3,-72
1,-65,2,-68,4,-71,3,-72
1,-65,2,-68,4,-72,3,-73
1,-66,2,-69,4,-73,3,-72
1,-66,2,-70,4,-73,3,-72
1,-67,2,-70,4,-72,3,-71
1,-68,2,-68,4,-71,3,-71
1,-68,2,-68,4,-71,3,-71
1,-68,2,-67,4,-74,3,-71
1,-68,2,-67,4,-76,3,-71
1,-68,2,-68,4,-76,3,-71
1,-68,2,-68,4,-75,3,-72
1,-68,2,-68,4,-74,3,-72
1,-69,2,-68,4,-74,3,-73
1,-69,2,-69,4,-72,3,-73
1,-68,2,-69,4,-72,3,-73
1,-69,2,-69,4,-71,3,-72
1,-69,2,-67,4,-71,3,-72
1,-70,2,-67,4,-71,3,-73
1,-70,2,-68,4,-70,3,-73
1,-70,2,-67,4,-71,3,-75
1,-70,2,-68,4,-72,3,-75
1,-68,2,-67,4,-72,3,-75
1,-68,2,-67,4,-72,3,-75
1,-68,2,-67,4,-72,3,-75
1,-68,2,-67,4,-71,3,-75
1,-68,2,-67,4,-71,3,-75
1,-66,2,-67,4,-71,3,-75
1,-66,2,-67,4,-71,3,-73
1,-66,2,-66,4,-71,3,-73
1,-66,2,-67,4,-71,3,-74
1,-66,2,-67,4,-71,3,-73
1,-66,2,-67,4,-70,3,-73
1,-66,2,-68,4,-70,3,-72
1,-66,2,-68,4,-71,3,-72
1,-66,2,-68,4,-74,3,-71
1,-66,2,-68,4,-74,3,-71
1,-66,2,-68,4,-74,3,-72
1,-68,2,-69,4,-73,3,-72
1,-69,2,-69,4,-72,3,-74
1,-70,2,-69,4,-72,3,-75
1,-62,2,-77,4,-75,3,-70
1,-61,2,-76,4,-75,3,-70
1,-61,2,-76,4,-75,3,-70
1,-61,2,-77,4,-75,3,-70
1,-61,2,-77,4,-75,3,-70
1,-62,2,-78,4,-75,3,-70
1,-60,2,-78,4,-75,3,-70
1,-59,2,-78,4,-75,3,-70
1,-59,2,-78,4,-75,3,-70
1,-59,2,-78,4,-76,3,-70
1,-60,2,-78,4,-75,3,-70
1,-60,2,-78,4,-75,3,-69
1,-60,2,-78,4,-75,3,-69
1,-60,2,-78,4,-75,3,-69
1,-60,2,-78,4,-75,3,-69
1,-60,2,-78,4,-75,3,-69
1,-60,2,-78,4,-75,3,-69
1,-61,2,-78,4,-75,3,-69
1,-61,2,-79,4,-75,3,-69
1,-61,2,-79,4,-77,3,-70
1,-61,2,-79,4,-78,3,-70
1,-61,2,-79,4,-77,3,-70
1,-62,2,-79,4,-76,3,-70
1,-62,2,-80,4,-75,3,-70
1,-62,2,-80,4,-75,3,-70
1,-62,2,-80,4,-75,3,-70
1,-62,2,-80,4,-75,3,-70
1,-62,2,-80,4,-75,3,-70
1,-62,2,-80,4,-75,3,-70
1,-62,2,-78,4,-75,3,-70
1,-62,2,-78,4,-75,3,-70
1,-62,2,-78,4,-77,3,-70
1,-61,2,-78,4,-77,3,-70
1,-60,2,-80,4,-77,3,-70
1,-60,2,-79,4,-78,3,-70
1,-60,2,-79,4,-78,3,-70
1,-61,2,-79,4,-78,3,-70
1,-61,2,-79,4,-78,3,-70
1,-63,2,-79,4,-77,3,-70
1,-63,2,-79,4,-77,3,-70
1,-63,2,-79,4,-76,3,-70
1,-63,2,-79,4,-76,3,-70
1,-63,2,-79,4,-76,3,-70
1,-63,2,-79,4,-76,3,-71
1,-62,2,-79,4,-76,3,-70
1,-62,2,-79,4,-77,3,-70
1,-61,2,-79,4,-77,3,-70
1,-61,2,-79,4,-77,3,-70
1,-60,2,-79,4,-77,3,-70
1,-62,2,-79,4,-77,3,-70
1,-69,2,-76,4,-77,3,-69
1,-66,2,-77,4,-78,3,-69
1,-65,2,-76,4,-80,3,-69
1,-64,2,-76,4,-81,3,-71
1,-65,2,-76,4,-81,3,-71
1,-64,2,-76,4,-85,3,-71
1,-64,2,-76,4,-83,3,-71
1,-64,2,-76,4,-80,3,-71
1,-64,2,-76,4,-78,3,-71
1,-64,2,-77,4,-77,3,-71
1,-65,2,-77,4,-75,3,-70
1,-66,2,-79,4,-75,3,-70
1,-65,2,-79,4,-76,3,-70
1,-65,2,-79,4,-76,3,-70
1,-65,2,-79,4,-76,3,-70
1,-64,2,-79,4,-76,3,-71
1,-63,2,-79,4,-76,3,-71
1,-63,2,-79,4,-76,3,-71
1,-63,2,-79,4,-76,3,-71
1,-63,2,-81,4,-76,3,-72
1,-62,2,-82,4,-76,3,-72
1,-61,2,-82,4,-76,3,-73
1,-61,2,-82,4,-77,3,-73
1,-61,2,-84,4,-79,3,-73
1,-60,2,-84,4,-80,3,-73
1,-60,2,-84,4,-80,3,-73
1,-61,2,-84,4,-80,3,-73
1,-61,2,-84,4,-80,3,-73
1,-61,2,-84,4,-80,3,-73
1,-61,2,-86,4,-80,3,-73
1,-61,2,-87,4,-78,3,-73
1,-61,2,-87,4,-78,3,-73
1,-61,2,-86,4,-77,3,-73
1,-61,2,-86,4,-75,3,-75
1,-61,2,-85,4,-75,3,-75
1,-61,2,-84,4,-75,3,-76
1,-61,2,-84,4,-75,3,-76
1,-61,2,-84,4,-75,3,-76
1,-61,2,-84,4,-76,3,-76
1,-61,2,-85,4,-76,3,-76
1,-61,2,-85,4,-76,3,-76
1,-61,2,-85,4,-76,3,-76
1,-61,2,-85,4,-76,3,-76
1,-61,2,-85,4,-76,3,-77
1,-63,2,-85,4,-76,3,-77
1,-63,2,-83,4,-76,3,-77
1,-63,2,-83,4,-76,3,-77
1,-62,2,-83,4,-76,3,-77
1,-62,2,-82,4,-76,3,-76
1,-62,2,-82,4,-76,3,-77
1,-74,2,-77,4,-73,3,-73
1,-74,2,-77,4,-74,3,-73
1,-72,2,-77,4,-74,3,-73
1,-70,2,-77,4,-77,3,-73
1,-66,2,-78,4,-79,3,-73
1,-65,2,-78,4,-79,3,-74
1,-64,2,-78,4,-78,3,-75
1,-63,2,-78,4,-78,3,-74
1,-62,2,-78,4,-77,3,-74
1,-61,2,-78,4,-76,3,-73
1,-61,2,-78,4,-76,3,-73
1,-61,2,-78,4,-76,3,-75
1,-61,2,-78,4,-76,3,-74
1,-61,2,-78,4,-76,3,-74
1,-61,2,-78,4,-76,3,-73
1,-62,2,-78,4,-76,3,-73
1,-64,2,-78,4,-76,3,-72
1,-63,2,-77,4,-76,3,-72
1,-62,2,-78,4,-76,3,-72
1,-61,2,-78,4,-76,3,-72
1,-61,2,-78,4,-78,3,-72
1,-61,2,-79,4,-78,3,-72
1,-61,2,-78,4,-77,3,-72
1,-61,2,-78,4,-77,3,-72
1,-61,2,-78,4,-77,3,-72
1,-61,2,-77,4,-77,3,-73
1,-61,2,-77,4,-77,3,-73
1,-61,2,-78,4,-77,3,-73
1,-61,2,-78,4,-77,3,-74
1,-61,2,-79,4,-76,3,-73
1,-61,2,-79,4,-76,3,-74
1,-61,2,-79,4,-76,3,-73
1,-61,2,-79,4,-76,3,-72
1,-62,2,-80,4,-75,3,-73
1,-63,2,-80,4,-75,3,-72
1,-63,2,-81,4,-75,3,-72
1,-63,2,-81,4,-75,3,-72
1,-63,2,-82,4,-75,3,-71
1,-64,2,-83,4,-75,3,-71
1,-63,2,-81,4,-75,3,-71
1,-63,2,-80,4,-76,3,-71
1,-63,2,-79,4,-76,3,-70
1,-63,2,-78,4,-76,3,-70
1,-63,2,-78,4,-77,3,-70
1,-63,2,-77,4,-77,3,-70
1,-63,2,-77,4,-77,3,-70
1,-62,2,-77,4,-77,3,-70
1,-62,2,-77,4,-77,3,-70
1,-62,2,-77,4,-78,3,-70
1,-62,2,-77,4,-81,3,-71
1,-75,2,-74,4,-75,3,-71
1,-74,2,-74,4,-78,3,-71
1,-70,2,-74,4,-78,3,-71
1,-68,2,-75,4,-78,3,-71
1,-68,2,-74,4,-78,3,-71
1,-66,2,-74,4,-78,3,-72
1,-66,2,-74,4,-78,3,-72
1,-65,2,-74,4,-78,3,-71
1,-65,2,-74,4,-78,3,-71
1,-63,2,-75,4,-79,3,-71
1,-63,2,-75,4,-79,3,-72
1,-65,2,-75,4,-77,3,-71
1,-64,2,-75,4,-77,3,-71
1,-64,2,-75,4,-76,3,-72
1,-63,2,-75,4,-76,3,-72
1,-63,2,-75,4,-76,3,-72
1,-63,2,-76,4,-76,3,-71
1,-63,2,-76,4,-77,3,-71
1,-63,2,-77,4,-76,3,-71
1,-63,2,-77,4,-76,3,-71
1,-63,2,-77,4,-77,3,-71
1,-63,2,-77,4,-77,3,-71
1,-63,2,-77,4,-77,3,-70
1,-64,2,-77,4,-77,3,-69
1,-63,2,-77,4,-77,3,-69
1,-64,2,-77,4,-77,3,-68
1,-63,2,-76,4,-77,3,-68
1,-63,2,-76,4,-77,3,-67
1,-65,2,-77,4,-77,3,-67
1,-64,2,-76,4,-78,3,-67
1,-64,2,-76,4,-78,3,-67
1,-63,2,-75,4,-77,3,-67
1,-63,2,-75,4,-77,3,-67
1,-63,2,-75,4,-77,3,-67
1,-63,2,-75,4,-78,3,-67
1,-62,2,-75,4,-78,3,-67
1,-62,2,-75,4,-78,3,-69
1,-62,2,-75,4,-78,3,-69
1,-62,2,-76,4,-78,3,-69
1,-62,2,-76,4,-78,3,-69
1,-62,2,-76,4,-78,3,-69
1,-62,2,-77,4,-78,3,-70
1,-63,2,-77,4,-78,3,-71
1,-63,2,-76,4,-78,3,-71
1,-63,2,-76,4,-78,3,-70
1,-64,2,-76,4,-77,3,-70
1,-64,2,-76,4,-77,3,-70
1,-64,2,-76,4,-76,3,-70
1,-64,2,-76,4,-76,3,-70
1,-64,2,-76,4,-76,3,-70
1,-72,2,-73,4,-76,3,-72
1,-72,2,-74,4,-78,3,-72
1,-71,2,-73,4,-78,3,-72
1,-69,2,-73,4,-78,3,-72
1,-67,2,-73,4,-78,3,-72
1,-65,2,-73,4,-78,3,-71
1,-65,2,-73,4,-78,3,-71
1,-65,2,-74,4,-78,3,-71
1,-65,2,-75,4,-78,3,-71
1,-65,2,-75,4,-77,3,-71
1,-65,2,-74,4,-77,3,-71
1,-65,2,-74,4,-76,3,-71
1,-65,2,-74,4,-76,3,-70
1,-65,2,-74,4,-76,3,-70
1,-65,2,-74,4,-77,3,-70
1,-65,2,-74,4,-80,3,-71
1,-66,2,-75,4,-80,3,-71
1,-66,2,-75,4,-80,3,-71
1,-66,2,-75,4,-79,3,-70
1,-65,2,-74,4,-78,3,-70
1,-66,2,-74,4,-78,3,-70
1,-67,2,-74,4,-78,3,-70
1,-67,2,-74,4,-78,3,-71
1,-67,2,-74,4,-78,3,-70
1,-67,2,-74,4,-78,3,-70
1,-67,2,-74,4,-78,3,-70
1,-67,2,-74,4,-78,3,-70
1,-67,2,-74,4,-78,3,-70
1,-68,2,-74,4,-78,3,-70
1,-68,2,-74,4,-78,3,-70
1,-69,2,-74,4,-78,3,-70
1,-69,2,-74,4,-78,3,-71
1,-69,2,-74,4,-78,3,-70
1,-69,2,-74,4,-78,3,-70
1,-69,2,-74,4,-78,3,-69
1,-69,2,-74,4,-78,3,-68
1,-69,2,-74,4,-78,3,-68
1,-70,2,-74,4,-78,3,-68
1,-70,2,-74,4,-77,3,-68
1,-70,2,-74,4,-77,3,-68
1,-69,2,-74,4,-77,3,-68
1,-69,2,-74,4,-78,3,-69
1,-69,2,-74,4,-78,3,-69
1,-68,2,-74,4,-78,3,-69
1,-68,2,-74,4,-78,3,-70
1,-68,2,-74,4,-79,3,-70
1,-68,2,-74,4,-79,3,-71
1,-68,2,-74,4,-79,3,-71
1,-68,2,-74,4,-79,3,-71
1,-68,2,-74,4,-79,3,-71
1,-67,2,-71,4,-71,3,-74
1,-67,2,-71,4,-71,3,-73
1,-67,2,-71,4,-71,3,-72
1,-67,2,-71,4,-74,3,-71
1,-69,2,-71,4,-75,3,-70
1,-71,2,-71,4,-76,3,-71
1,-70,2,-70,4,-78,3,-70
1,-70,2,-71,4,-80,3,-69
1,-69,2,-70,4,-80,3,-69
1,-69,2,-70,4,-80,3,-68
1,-69,2,-70,4,-80,3,-67
1,-67,2,-70,4,-80,3,-67
1,-67,2,-70,4,-79,3,-68
1,-67,2,-70,4,-79,3,-69
1,-67,2,-70,4,-79,3,-72
1,-67,2,-70,4,-79,3,-75
1,-67,2,-70,4,-81,3,-75
1,-67,2,-70,4,-80,3,-75
1,-66,2,-69,4,-79,3,-74
1,-66,2,-71,4,-78,3,-74
1,-66,2,-72,4,-78,3,-73
1,-66,2,-72,4,-79,3,-72
1,-66,2,-72,4,-81,3,-72
1,-66,2,-72,4,-80,3,-72
1,-67,2,-72,4,-79,3,-72
1,-67,2,-72,4,-80,3,-71
1,-67,2,-73,4,-80,3,-71
1,-66,2,-73,4,-80,3,-71
1,-66,2,-73,4,-79,3,-71
1,-65,2,-73,4,-79,3,-72
1,-64,2,-73,4,-79,3,-72
1,-64,2,-73,4,-78,3,-71
1,-64,2,-73,4,-78,3,-71
1,-64,2,-73,4,-78,3,-71
1,-64,2,-73,4,-79,3,-71
1,-64,2,-73,4,-81,3,-72
1,-64,2,-73,4,-81,3,-72
1,-64,2,-73,4,-81,3,-72
1,-65,2,-73,4,-80,3,-72
1,-65,2,-73,4,-80,3,-72
1,-66,2,-73,4,-79,3,-72
1,-66,2,-73,4,-79,3,-72
1,-66,2,-73,4,-79,3,-72
1,-66,2,-72,4,-79,3,-72
1,-66,2,-72,4,-79,3,-72
1,-67,2,-72,4,-79,3,-71
1,-68,2,-72,4,-79,3,-71
1,-69,2,-72,4,-79,3,-72
1,-70,2,-72,4,-79,3,-72
1,-70,2,-73,4,-80,3,-72
1,-68,2,-69,4,-75,3,-74
1,-68,2,-69,4,-75,3,-74
1,-71,2,-70,4,-76,3,-75
1,-72,2,-70,4,-78,3,-74
1,-72,2,-70,4,-79,3,-74
1,-72,2,-70,4,-80,3,-73
1,-70,2,-70,4,-80,3,-72
1,-70,2,-70,4,-82,3,-71
1,-70,2,-69,4,-82,3,-70
1,-70,2,-69,4,-81,3,-70
1,-70,2,-69,4,-79,3,-70
1,-70,2,-70,4,-79,3,-70
1,-70,2,-70,4,-79,3,-70
1,-71,2,-71,4,-79,3,-69
1,-70,2,-70,4,-78,3,-69
1,-70,2,-70,4,-79,3,-69
1,-70,2,-70,4,-79,3,-69
1,-70,2,-70,4,-79,3,-70
1,-71,2,-71,4,-79,3,-70
1,-71,2,-70,4,-78,3,-70
1,-71,2,-69,4,-78,3,-70
1,-71,2,-69,4,-78,3,-70
1,-71,2,-69,4,-78,3,-70
1,-71,2,-70,4,-78,3,-70
1,-71,2,-70,4,-78,3,-70
1,-71,2,-70,4,-78,3,-70
1,-71,2,-70,4,-78,3,-70
1,-71,2,-70,4,-78,3,-70
1,-72,2,-70,4,-78,3,-70
1,-72,2,-70,4,-78,3,-70
1,-72,2,-70,4,-78,3,-69
1,-72,2,-70,4,-78,3,-69
1,-72,2,-70,4,-78,3,-69
1,-72,2,-70,4,-78,3,-69
1,-72,2,-70,4,-78,3,-70
1,-72,2,-70,4,-76,3,-70
1,-70,2,-70,4,-76,3,-70
1,-70,2,-71,4,-75,3,-71
1,-70,2,-70,4,-75,3,-69
1,-70,2,-70,4,-76,3,-69
1,-72,2,-70,4,-76,3,-69
1,-72,2,-70,4,-77,3,-71
1,-74,2,-71,4,-77,3,-71
1,-73,2,-71,4,-79,3,-71
1,-73,2,-71,4,-80,3,-70
1,-72,2,-70,4,-80,3,-70
1,-71,2,-70,4,-80,3,-70
1,-71,2,-70,4,-79,3,-70
1,-71,2,-70,4,-79,3,-70
1,-71,2,-71,4,-79,3,-70
1,-75,2,-72,4,-76,3,-71
1,-74,2,-72,4,-77,3,-71
1,-73,2,-71,4,-76,3,-71
1,-72,2,-71,4,-75,3,-71
1,-72,2,-71,4,-74,3,-71
1,-71,2,-72,4,-74,3,-71
1,-71,2,-72,4,-74,3,-71
1,-71,2,-72,4,-74,3,-71
1,-71,2,-72,4,-75,3,-71
1,-70,2,-72,4,-75,3,-71
1,-70,2,-72,4,-75,3,-71
1,-70,2,-71,4,-74,3,-71
1,-70,2,-71,4,-74,3,-71
1,-70,2,-71,4,-74,3,-71
1,-70,2,-71,4,-73,3,-71
1,-70,2,-71,4,-72,3,-71
1,-70,2,-71,4,-71,3,-72
1,-70,2,-71,4,-70,3,-71
1,-70,2,-71,4,-69,3,-71
1,-70,2,-71,4,-70,3,-71
1,-71,2,-71,4,-71,3,-71
1,-71,2,-71,4,-71,3,-72
1,-71,2,-71,4,-72,3,-72
1,-71,2,-71,4,-73,3,-72
1,-70,2,-71,4,-73,3,-71
1,-70,2,-71,4,-76,3,-72
1,-71,2,-71,4,-76,3,-73
1,-70,2,-71,4,-76,3,-72
1,-70,2,-72,4,-76,3,-71
1,-70,2,-72,4,-76,3,-71
1,-70,2,-72,4,-76,3,-71
1,-70,2,-72,4,-75,3,-71
1,-69,2,-72,4,-74,3,-71
1,-69,2,-72,4,-73,3,-72
1,-70,2,-71,4,-72,3,-72
1,-70,2,-71,4,-71,3,-72
1,-69,2,-71,4,-71,3,-72
1,-69,2,-71,4,-70,3,-72
1,-71,2,-72,4,-71,3,-71
1,-71,2,-72,4,-73,3,-72
1,-71,2,-72,4,-74,3,-71
1,-72,2,-72,4,-75,3,-72
1,-73,2,-72,4,-78,3,-72
1,-73,2,-72,4,-80,3,-72
1,-73,2,-72,4,-81,3,-72
1,-73,2,-72,4,-81,3,-71
1,-73,2,-72,4,-79,3,-71
1,-73,2,-72,4,-78,3,-71
1,-74,2,-72,4,-78,3,-71
1,-73,2,-72,4,-78,3,-71
1,-68,2,-78,4,-84,3,-69
1,-66,2,-78,4,-81,3,-68
1,-64,2,-78,4,-80,3,-68
1,-64,2,-78,4,-78,3,-68
1,-62,2,-78,4,-78,3,-68
1,-61,2,-78,4,-77,3,-68
1,-61,2,-78,4,-76,3,-68
1,-60,2,-78,4,-76,3,-68
1,-60,2,-79,4,-76,3,-68
1,-61,2,-80,4,-76,3,-68
1,-63,2,-82,4,-76,3,-68
1,-63,2,-85,4,-74,3,-68
1,-63,2,-84,4,-76,3,-68
1,-63,2,-83,4,-76,3,-68
1,-63,2,-81,4,-76,3,-68
1,-63,2,-80,4,-75,3,-68
1,-61,2,-78,4,-75,3,-68
1,-61,2,-78,4,-75,3,-68
1,-62,2,-78,4,-75,3,-68
1,-61,2,-78,4,-75,3,-69
1,-62,2,-78,4,-76,3,-70
1,-62,2,-78,4,-76,3,-70
1,-62,2,-78,4,-76,3,-70
1,-61,2,-79,4,-76,3,-70
1,-62,2,-81,4,-76,3,-73
1,-61,2,-82,4,-80,3,-74
1,-61,2,-82,4,-77,3,-74
1,-61,2,-82,4,-75,3,-74
1,-61,2,-81,4,-75,3,-74
1,-63,2,-81,4,-75,3,-73
1,-63,2,-80,4,-75,3,-73
1,-64,2,-79,4,-82,3,-72
1,-66,2,-79,4,-82,3,-72
1,-66,2,-79,4,-86,3,-73
1,-68,2,-79,4,-83,3,-73
1,-68,2,-79,4,-83,3,-72
1,-68,2,-79,4,-83,3,-71
1,-68,2,-80,4,-83,3,-70
1,-68,2,-80,4,-82,3,-70
1,-67,2,-80,4,-81,3,-70
1,-67,2,-79,4,-79,3,-71
1,-65,2,-79,4,-76,3,-70
1,-63,2,-79,4,-75,3,-70
1,-63,2,-79,4,-74,3,-70
1,-66,2,-79,4,-74,3,-69
1,-65,2,-79,4,-77,3,-69
1,-64,2,-80,4,-78,3,-69
1,-64,2,-80,4,-80,3,-69
1,-64,2,-82,4,-79,3,-70
1,-64,2,-82,4,-79,3,-70
1,-74,2,-78,4,-69,3,-72
1,-74,2,-78,4,-71,3,-74
1,-75,2,-79,4,-72,3,-74
1,-72,2,-79,4,-75,3,-76
1,-70,2,-79,4,-76,3,-76
1,-68,2,-79,4,-75,3,-76
1,-66,2,-79,4,-75,3,-75
1,-66,2,-79,4,-75,3,-75
1,-64,2,-79,4,-76,3,-75
1,-63,2,-79,4,-76,3,-75
1,-63,2,-79,4,-77,3,-76
1,-62,2,-79,4,-77,3,-76
1,-62,2,-79,4,-77,3,-75
1,-62,2,-79,4,-77,3,-75
1,-62,2,-78,4,-77,3,-74
1,-61,2,-78,4,-77,3,-73
1,-62,2,-78,4,-77,3,-73
1,-61,2,-78,4,-78,3,-73
1,-61,2,-80,4,-78,3,-75
1,-61,2,-80,4,-77,3,-75
1,-61,2,-79,4,-77,3,-73
1,-61,2,-79,4,-77,3,-74
1,-62,2,-79,4,-77,3,-74
1,-65,2,-79,4,-75,3,-73
1,-63,2,-79,4,-74,3,-73
1,-62,2,-79,4,-74,3,-75
1,-62,2,-79,4,-74,3,-74
1,-62,2,-79,4,-74,3,-73
1,-62,2,-79,4,-74,3,-72
1,-62,2,-80,4,-74,3,-72
1,-63,2,-80,4,-74,3,-72
1,-62,2,-80,4,-74,3,-72
1,-62,2,-80,4,-74,3,-72
1,-62,2,-80,4,-74,3,-72
1,-63,2,-80,4,-73,3,-73
1,-63,2,-80,4,-73,3,-73
1,-62,2,-80,4,-73,3,-73
1,-62,2,-79,4,-73,3,-72
1,-62,2,-79,4,-73,3,-72
1,-62,2,-79,4,-73,3,-72
1,-62,2,-79,4,-74,3,-72
1,-62,2,-79,4,-74,3,-72
1,-62,2,-81,4,-74,3,-72
1,-62,2,-81,4,-74,3,-72
1,-62,2,-81,4,-74,3,-72
1,-62,2,-80,4,-74,3,-73
1,-62,2,-80,4,-74,3,-73
1,-62,2,-80,4,-74,3,-72
1,-62,2,-80,4,-74,3,-72
1,-62,2,-81,4,-74,3,-72
1,-73,2,-76,4,-69,3,-71
1,-75,2,-78,4,-69,3,-71
1,-75,2,-77,4,-71,3,-72
1,-74,2,-78,4,-72,3,-73
1,-73,2,-78,4,-73,3,-73
1,-71,2,-78,4,-74,3,-73
1,-69,2,-77,4,-76,3,-73
1,-67,2,-77,4,-76,3,-73
1,-66,2,-77,4,-76,3,-72
1,-65,2,-77,4,-75,3,-71
1,-64,2,-78,4,-75,3,-70
1,-63,2,-78,4,-78,3,-70
1,-62,2,-78,4,-78,3,-70
1,-63,2,-78,4,-77,3,-70
1,-62,2,-78,4,-76,3,-70
1,-62,2,-78,4,-76,3,-69
1,-62,2,-78,4,-78,3,-68
1,-63,2,-79,4,-78,3,-68
1,-63,2,-78,4,-78,3,-68
1,-63,2,-78,4,-77,3,-68
1,-63,2,-78,4,-76,3,-68
1,-64,2,-78,4,-76,3,-68
1,-64,2,-78,4,-76,3,-67
1,-64,2,-78,4,-76,3,-67
1,-64,2,-77,4,-76,3,-67
1,-64,2,-77,4,-75,3,-67
1,-64,2,-77,4,-75,3,-67
1,-64,2,-77,4,-76,3,-67
1,-64,2,-77,4,-76,3,-68
1,-64,2,-78,4,-75,3,-68
1,-64,2,-78,4,-74,3,-68
1,-64,2,-78,4,-74,3,-68
1,-64,2,-78,4,-74,3,-68
1,-64,2,-79,4,-74,3,-68
1,-63,2,-79,4,-74,3,-69
1,-63,2,-79,4,-74,3,-68
1,-63,2,-78,4,-74,3,-68
1,-63,2,-78,4,-74,3,-68
1,-63,2,-78,4,-74,3,-68
1,-63,2,-78,4,-73,3,-69
1,-63,2,-78,4,-73,3,-67
1,-63,2,-77,4,-74,3,-67
1,-64,2,-77,4,-74,3,-67
1,-63,2,-77,4,-74,3,-67
1,-63,2,-78,4,-74,3,-67
1,-63,2,-78,4,-73,3,-69
1,-63,2,-78,4,-73,3,-68
1,-63,2,-77,4,-73,3,-68
1,-64,2,-77,4,-73,3,-68
1,-64,2,-76,4,-73,3,-67
1,-74,2,-76,4,-75,3,-69
1,-73,2,-76,4,-74,3,-68
1,-71,2,-76,4,-76,3,-68
1,-68,2,-76,4,-76,3,-67
1,-67,2,-75,4,-76,3,-67
1,-66,2,-75,4,-76,3,-67
1,-65,2,-75,4,-77,3,-67
1,-65,2,-75,4,-78,3,-67
1,-64,2,-75,4,-77,3,-67
1,-64,2,-75,4,-77,3,-68
1,-65,2,-75,4,-77,3,-68
1,-64,2,-75,4,-76,3,-68
1,-64,2,-74,4,-76,3,-68
1,-64,2,-75,4,-76,3,-68
1,-63,2,-75,4,-76,3,-68
1,-63,2,-75,4,-75,3,-68
1,-63,2,-75,4,-76,3,-68
1,-64,2,-75,4,-76,3,-68
1,-64,2,-75,4,-76,3,-68
1,-64,2,-74,4,-75,3,-68
1,-65,2,-75,4,-75,3,-68
1,-65,2,-75,4,-75,3,-68
1,-66,2,-75,4,-74,3,-68
1,-65,2,-75,4,-74,3,-68
1,-65,2,-75,4,-74,3,-69
1,-65,2,-76,4,-74,3,-68
1,-65,2,-76,4,-74,3,-68
1,-65,2,-76,4,-73,3,-68
1,-66,2,-75,4,-73,3,-68
1,-66,2,-75,4,-73,3,-68
1,-66,2,-75,4,-72,3,-68
1,-67,2,-75,4,-71,3,-68
1,-68,2,-76,4,-71,3,-68
1,-68,2,-76,4,-73,3,-69
1,-67,2,-76,4,-73,3,-69
1,-67,2,-76,4,-73,3,-69
1,-68,2,-76,4,-72,3,-69
1,-68,2,-75,4,-71,3,-69
1,-67,2,-75,4,-71,3,-69
1,-66,2,-76,4,-71,3,-68
1,-66,2,-76,4,-72,3,-68
1,-67,2,-76,4,-72,3,-68
1,-67,2,-76,4,-73,3,-68
1,-67,2,-76,4,-73,3,-68
1,-66,2,-76,4,-73,3,-67
1,-65,2,-76,4,-73,3,-67
1,-65,2,-76,4,-73,3,-67
1,-65,2,-76,4,-73,3,-67
1,-65,2,-76,4,-73,3,-67
1,-65,2,-76,4,-74,3,-69
1,-71,2,-74,4,-76,3,-67
1,-70,2,-74,4,-75,3,-67
1,-69,2,-74,4,-75,3,-67
1,-69,2,-74,4,-76,3,-67
1,-68,2,-74,4,-79,3,-67
1,-67,2,-74,4,-79,3,-67
1,-66,2,-74,4,-80,3,-67
1,-66,2,-74,4,-81,3,-67
1,-66,2,-73,4,-82,3,-67
1,-66,2,-73,4,-80,3,-67
1,-67,2,-73,4,-79,3,-67
1,-66,2,-73,4,-78,3,-67
1,-67,2,-73,4,-78,3,-67
1,-67,2,-73,4,-78,3,-67
1,-67,2,-73,4,-78,3,-67
1,-67,2,-73,4,-77,3,-67
1,-66,2,-73,4,-78,3,-67
1,-67,2,-73,4,-79,3,-67
1,-67,2,-73,4,-79,3,-68
1,-67,2,-73,4,-79,3,-68
1,-67,2,-73,4,-79,3,-68
1,-67,2,-73,4,-79,3,-68
1,-67,2,-74,4,-79,3,-67
1,-67,2,-74,4,-79,3,-67
1,-67,2,-74,4,-78,3,-67
1,-67,2,-74,4,-78,3,-67
1,-67,2,-74,4,-78,3,-68
1,-67,2,-74,4,-78,3,-67
1,-67,2,-74,4,-78,3,-67
1,-68,2,-74,4,-79,3,-67
1,-68,2,-74,4,-79,3,-67
1,-68,2,-74,4,-79,3,-67
1,-68,2,-74,4,-79,3,-67
1,-68,2,-74,4,-80,3,-67
1,-68,2,-74,4,-80,3,-67
1,-68,2,-74,4,-80,3,-67
1,-68,2,-74,4,-80,3,-67
1,-69,2,-74,4,-80,3,-67
1,-69,2,-73,4,-80,3,-67
1,-69,2,-74,4,-79,3,-67
1,-69,2,-74,4,-80,3,-67
1,-68,2,-74,4,-80,3,-68
1,-68,2,-74,4,-80,3,-68
1,-68,2,-74,4,-80,3,-68
1,-67,2,-74,4,-80,3,-68
1,-67,2,-74,4,-80,3,-69
1,-67,2,-74,4,-80,3,-68
1,-67,2,-74,4,-79,3,-67
1,-67,2,-74,4,-79,3,-67
1,-67,2,-74,4,-79,3,-67
1,-70,2,-80,4,-75,3,-75
1,-70,2,-81,4,-75,3,-75
1,-69,2,-81,4,-75,3,-75
1,-69,2,-79,4,-75,3,-76
1,-71,2,-79,4,-77,3,-75
1,-72,2,-78,4,-79,3,-74
1,-72,2,-77,4,-81,3,-74
1,-72,2,-76,4,-81,3,-74
1,-72,2,-76,4,-81,3,-74
1,-72,2,-75,4,-80,3,-74
1,-72,2,-75,4,-78,3,-74
1,-72,2,-74,4,-76,3,-74
1,-71,2,-73,4,-76,3,-74
1,-70,2,-74,4,-74,3,-74
1,-70,2,-73,4,-74,3,-76
1,-69,2,-73,4,-74,3,-75
1,-68,2,-73,4,-76,3,-73
1,-68,2,-73,4,-77,3,-71
1,-68,2,-73,4,-75,3,-70
1,-69,2,-73,4,-77,3,-70
1,-71,2,-74,4,-76,3,-69
1,-71,2,-73,4,-76,3,-69
1,-71,2,-73,4,-76,3,-69
1,-70,2,-73,4,-75,3,-69
1,-69,2,-73,4,-75,3,-69
1,-68,2,-74,4,-75,3,-69
1,-67,2,-74,4,-76,3,-69
1,-66,2,-74,4,-76,3,-69
1,-66,2,-74,4,-77,3,-69
1,-67,2,-74,4,-80,3,-69
1,-67,2,-73,4,-80,3,-68
1,-67,2,-73,4,-79,3,-69
1,-67,2,-73,4,-77,3,-69
1,-67,2,-73,4,-76,3,-69
1,-67,2,-73,4,-75,3,-69
1,-68,2,-74,4,-75,3,-68
1,-68,2,-74,4,-75,3,-68
1,-68,2,-74,4,-74,3,-68
1,-67,2,-73,4,-77,3,-68
1,-68,2,-73,4,-81,3,-68
1,-68,2,-73,4,-81,3,-68
1,-68,2,-73,4,-82,3,-68
1,-69,2,-73,4,-82,3,-68
1,-69,2,-73,4,-82,3,-68
1,-69,2,-73,4,-82,3,-68
1,-69,2,-73,4,-83,3,-68
1,-70,2,-73,4,-83,3,-69
1,-70,2,-73,4,-83,3,-69
1,-69,2,-73,4,-83,3,-69
1,-68,2,-73,4,-83,3,-69
1,-75,2,-72,4,-82,3,-70
1,-74,2,-72,4,-82,3,-70
1,-74,2,-73,4,-81,3,-70
1,-74,2,-74,4,-83,3,-69
1,-74,2,-74,4,-82,3,-69
1,-75,2,-74,4,-80,3,-69
1,-75,2,-74,4,-79,3,-69
1,-75,2,-74,4,-78,3,-69
1,-75,2,-74,4,-78,3,-69
1,-77,2,-74,4,-77,3,-69
1,-78,2,-74,4,-76,3,-69
1,-76,2,-74,4,-76,3,-69
1,-76,2,-74,4,-76,3,-69
1,-75,2,-73,4,-76,3,-70
1,-74,2,-73,4,-77,3,-70
1,-73,2,-73,4,-76,3,-70
1,-73,2,-73,4,-78,3,-72
1,-73,2,-73,4,-80,3,-71
1,-71,2,-73,4,-80,3,-70
1,-70,2,-73,4,-79,3,-70
1,-69,2,-73,4,-78,3,-70
1,-68,2,-73,4,-76,3,-70
1,-68,2,-73,4,-75,3,-69
1,-67,2,-73,4,-75,3,-69
1,-67,2,-74,4,-74,3,-69
1,-68,2,-74,4,-74,3,-69
1,-68,2,-74,4,-75,3,-69
1,-68,2,-73,4,-75,3,-69
1,-68,2,-71,4,-76,3,-69
1,-68,2,-71,4,-76,3,-69
1,-68,2,-71,4,-76,3,-71
1,-68,2,-71,4,-76,3,-71
1,-68,2,-71,4,-75,3,-71
1,-68,2,-71,4,-76,3,-71
1,-68,2,-71,4,-75,3,-71
1,-68,2,-71,4,-74,3,-71
1,-67,2,-71,4,-74,3,-71
1,-67,2,-71,4,-74,3,-71
1,-68,2,-72,4,-74,3,-71
1,-68,2,-71,4,-74,3,-71
1,-68,2,-71,4,-74,3,-71
1,-68,2,-71,4,-74,3,-71
1,-68,2,-70,4,-74,3,-71
1,-68,2,-70,4,-74,3,-71
1,-68,2,-71,4,-74,3,-71
1,-67,2,-71,4,-74,3,-71
1,-67,2,-71,4,-74,3,-71
1,-66,2,-71,4,-74,3,-73
1,-67,2,-71,4,-74,3,-71
1,-66,2,-72,4,-74,3,-71
1,-66,2,-74,4,-72,3,-72
1,-66,2,-74,4,-71,3,-72
1,-64,2,-74,4,-71,3,-72
1,-64,2,-74,4,-70,3,-72
1,-65,2,-74,4,-70,3,-72
1,-65,2,-73,4,-71,3,-72
1,-64,2,-73,4,-71,3,-72
1,-64,2,-73,4,-71,3,-72
1,-65,2,-72,4,-71,3,-72
1,-64,2,-72,4,-71,3,-72
1,-64,2,-72,4,-71,3,-72
1,-64,2,-72,4,-72,3,-72
1,-65,2,-73,4,-72,3,-72
1,-66,2,-73,4,-72,3,-71
1,-67,2,-73,4,-74,3,-70
1,-69,2,-74,4,-74,3,-70
1,-69,2,-74,4,-74,3,-70
1,-69,2,-75,4,-73,3,-69
1,-69,2,-75,4,-74,3,-69
1,-70,2,-75,4,-71,3,-69
1,-71,2,-75,4,-69,3,-69
1,-71,2,-74,4,-68,3,-70
1,-72,2,-74,4,-66,3,-70
1,-72,2,-73,4,-67,3,-70
1,-72,2,-73,4,-66,3,-69
1,-72,2,-73,4,-67,3,-69
1,-72,2,-73,4,-68,3,-70
1,-72,2,-73,4,-69,3,-70
1,-72,2,-73,4,-72,3,-71
1,-71,2,-73,4,-73,3,-71
1,-69,2,-73,4,-76,3,-70
1,-69,2,-73,4,-79,3,-70
1,-70,2,-73,4,-79,3,-70
1,-70,2,-74,4,-79,3,-70
1,-70,2,-73,4,-79,3,-70
1,-70,2,-72,4,-80,3,-70
1,-71,2,-72,4,-80,3,-70
1,-71,2,-72,4,-80,3,-71
1,-73,2,-72,4,-80,3,-69
1,-71,2,-73,4,-80,3,-69
1,-71,2,-73,4,-79,3,-69
1,-72,2,-72,4,-79,3,-69
1,-72,2,-72,4,-78,3,-69
1,-72,2,-72,4,-78,3,-69
1,-72,2,-74,4,-78,3,-69
1,-72,2,-74,4,-78,3,-69
1,-72,2,-73,4,-78,3,-69
1,-73,2,-73,4,-78,3,-70
1,-74,2,-73,4,-78,3,-70
1,-74,2,-73,4,-77,3,-70
1,-76,2,-75,4,-76,3,-69
1,-72,2,-75,4,-78,3,-69
1,-71,2,-75,4,-86,3,-70
1,-72,2,-76,4,-85,3,-69
1,-71,2,-77,4,-82,3,-68
1,-68,2,-78,4,-78,3,-68
1,-66,2,-79,4,-77,3,-68
1,-66,2,-79,4,-76,3,-68
1,-65,2,-79,4,-77,3,-69
1,-64,2,-81,4,-77,3,-69
1,-64,2,-83,4,-75,3,-69
1,-64,2,-83,4,-75,3,-69
1,-64,2,-83,4,-75,3,-70
1,-65,2,-82,4,-76,3,-70
1,-65,2,-82,4,-76,3,-71
1,-65,2,-81,4,-76,3,-75
1,-65,2,-80,4,-76,3,-75
1,-65,2,-79,4,-76,3,-77
1,-66,2,-79,4,-76,3,-76
1,-65,2,-79,4,-74,3,-74
1,-66,2,-79,4,-74,3,-72
1,-65,2,-79,4,-73,3,-72
1,-64,2,-79,4,-73,3,-72
1,-63,2,-79,4,-74,3,-76
1,-63,2,-79,4,-73,3,-78
1,-65,2,-79,4,-75,3,-79
1,-66,2,-79,4,-73,3,-77
1,-66,2,-79,4,-73,3,-76
1,-66,2,-79,4,-73,3,-76
1,-66,2,-79,4,-73,3,-75
1,-65,2,-79,4,-74,3,-74
1,-65,2,-79,4,-74,3,-75
1,-66,2,-79,4,-74,3,-76
1,-66,2,-79,4,-74,3,-76
1,-67,2,-79,4,-74,3,-76
1,-66,2,-80,4,-74,3,-75
1,-65,2,-80,4,-74,3,-75
1,-64,2,-81,4,-74,3,-76
1,-64,2,-81,4,-74,3,-76
1,-64,2,-80,4,-74,3,-76
1,-65,2,-79,4,-73,3,-76
1,-65,2,-79,4,-73,3,-75
1,-65,2,-79,4,-74,3,-74
1,-64,2,-79,4,-74,3,-73
1,-64,2,-79,4,-74,3,-73
1,-64,2,-79,4,-75,3,-73
1,-64,2,-79,4,-75,3,-73
1,-64,2,-79,4,-75,3,-73
1,-63,2,-79,4,-75,3,-73
1,-63,2,-79,4,-75,3,-73
1,-64,2,-78,4,-75,3,-67
1,-66,2,-78,4,-76,3,-66
1,-66,2,-77,4,-76,3,-65
1,-65,2,-80,4,-76,3,-64
1,-65,2,-80,4,-75,3,-64
1,-65,2,-80,4,-74,3,-69
1,-65,2,-80,4,-74,3,-72
1,-65,2,-80,4,-74,3,-75
1,-66,2,-79,4,-74,3,-75
1,-66,2,-79,4,-74,3,-75
1,-65,2,-79,4,-75,3,-75
1,-65,2,-79,4,-76,3,-75
1,-65,2,-77,4,-78,3,-75
1,-66,2,-77,4,-76,3,-75
1,-65,2,-78,4,-73,3,-75
1,-65,2,-79,4,-72,3,-75
1,-65,2,-79,4,-71,3,-75
1,-64,2,-79,4,-71,3,-77
1,-65,2,-78,4,-71,3,-77
1,-65,2,-77,4,-72,3,-76
1,-66,2,-77,4,-72,3,-76
1,-67,2,-77,4,-71,3,-76
1,-67,2,-77,4,-72,3,-77
1,-67,2,-78,4,-72,3,-77
1,-67,2,-78,4,-74,3,-77
1,-67,2,-78,4,-74,3,-77
1,-66,2,-78,4,-74,3,-76
1,-65,2,-80,4,-74,3,-76
1,-65,2,-80,4,-74,3,-78
1,-64,2,-80,4,-74,3,-81
1,-63,2,-80,4,-75,3,-80
1,-63,2,-79,4,-75,3,-79
1,-62,2,-78,4,-74,3,-79
1,-61,2,-79,4,-74,3,-79
1,-61,2,-79,4,-75,3,-79
1,-61,2,-81,4,-77,3,-79
1,-61,2,-81,4,-77,3,-78
1,-61,2,-80,4,-76,3,-77
1,-61,2,-80,4,-76,3,-77
1,-62,2,-79,4,-75,3,-77
1,-62,2,-79,4,-74,3,-76
1,-62,2,-79,4,-74,3,-75
1,-62,2,-79,4,-75,3,-75
1,-61,2,-79,4,-75,3,-75
1,-61,2,-80,4,-77,3,-75
1,-61,2,-80,4,-77,3,-75
1,-61,2,-80,4,-77,3,-75
1,-61,2,-79,4,-77,3,-75
1,-61,2,-79,4,-76,3,-75
1,-61,2,-80,4,-74,3,-76
1,-62,2,-79,4,-76,3,-65
1,-62,2,-77,4,-76,3,-65
1,-62,2,-77,4,-76,3,-64
1,-62,2,-77,4,-75,3,-64
1,-62,2,-76,4,-75,3,-64
1,-63,2,-76,4,-74,3,-64
1,-63,2,-76,4,-73,3,-66
1,-64,2,-76,4,-73,3,-65
1,-64,2,-76,4,-73,3,-65
1,-64,2,-76,4,-74,3,-65
1,-65,2,-76,4,-74,3,-65
1,-65,2,-76,4,-73,3,-66
1,-65,2,-76,4,-72,3,-66
1,-65,2,-76,4,-72,3,-66
1,-65,2,-76,4,-72,3,-66
1,-65,2,-76,4,-72,3,-67
1,-65,2,-76,4,-73,3,-67
1,-64,2,-76,4,-72,3,-67
1,-63,2,-76,4,-72,3,-67
1,-63,2,-77,4,-72,3,-67
1,-63,2,-77,4,-73,3,-66
1,-65,2,-77,4,-74,3,-66
1,-65,2,-77,4,-75,3,-66
1,-65,2,-77,4,-75,3,-66
1,-64,2,-77,4,-75,3,-68
1,-64,2,-77,4,-74,3,-68
1,-64,2,-77,4,-74,3,-68
1,-64,2,-77,4,-73,3,-66
1,-63,2,-77,4,-74,3,-65
1,-63,2,-78,4,-74,3,-65
1,-63,2,-78,4,-74,3,-64
1,-63,2,-79,4,-73,3,-64
1,-64,2,-79,4,-73,3,-65
1,-63,2,-80,4,-74,3,-65
1,-65,2,-79,4,-75,3,-65
1,-67,2,-79,4,-75,3,-65
1,-67,2,-79,4,-75,3,-65
1,-67,2,-79,4,-75,3,-65
1,-67,2,-79,4,-75,3,-65
1,-66,2,-79,4,-75,3,-64
1,-65,2,-79,4,-76,3,-65
1,-64,2,-79,4,-77,3,-65
1,-63,2,-79,4,-77,3,-67
1,-63,2,-79,4,-76,3,-69
1,-63,2,-79,4,-76,3,-68
1,-63,2,-79,4,-76,3,-68
1,-63,2,-79,4,-76,3,-66
1,-62,2,-79,4,-76,3,-65
1,-62,2,-79,4,-76,3,-66
1,-62,2,-79,4,-75,3,-66
1,-65,2,-76,4,-76,3,-64
1,-64,2,-76,4,-76,3,-63
1,-64,2,-76,4,-76,3,-63
1,-64,2,-76,4,-75,3,-63
1,-64,2,-76,4,-75,3,-64
1,-63,2,-76,4,-75,3,-66
1,-63,2,-77,4,-74,3,-65
1,-62,2,-77,4,-73,3,-64
1,-62,2,-77,4,-74,3,-63
1,-63,2,-77,4,-74,3,-63
1,-63,2,-77,4,-74,3,-63
1,-63,2,-77,4,-74,3,-62
1,-63,2,-76,4,-74,3,-63
1,-63,2,-76,4,-74,3,-63
1,-63,2,-76,4,-75,3,-63
1,-63,2,-76,4,-75,3,-64
1,-64,2,-76,4,-75,3,-63
1,-65,2,-76,4,-76,3,-63
1,-66,2,-76,4,-76,3,-64
1,-66,2,-75,4,-76,3,-64
1,-66,2,-75,4,-75,3,-64
1,-66,2,-75,4,-75,3,-65
1,-67,2,-75,4,-75,3,-65
1,-69,2,-75,4,-75,3,-65
1,-68,2,-75,4,-74,3,-67
1,-67,2,-75,4,-74,3,-67
1,-66,2,-75,4,-75,3,-66
1,-65,2,-75,4,-74,3,-66
1,-66,2,-77,4,-74,3,-66
1,-66,2,-77,4,-74,3,-65
1,-65,2,-77,4,-73,3,-65
1,-65,2,-77,4,-73,3,-65
1,-65,2,-77,4,-73,3,-65
1,-66,2,-77,4,-73,3,-64
1,-65,2,-77,4,-74,3,-64
1,-65,2,-76,4,-74,3,-64
1,-63,2,-76,4,-74,3,-65
1,-63,2,-76,4,-74,3,-65
1,-62,2,-76,4,-74,3,-66
1,-62,2,-76,4,-75,3,-66
1,-63,2,-76,4,-75,3,-66
1,-63,2,-76,4,-75,3,-66
1,-63,2,-76,4,-75,3,-65
1,-63,2,-76,4,-75,3,-65
1,-63,2,-76,4,-75,3,-65
1,-63,2,-76,4,-76,3,-65
1,-63,2,-76,4,-75,3,-67
1,-63,2,-76,4,-75,3,-67
1,-63,2,-76,4,-73,3,-67
1,-63,2,-76,4,-73,3,-66
1,-62,2,-76,4,-74,3,-68
1,-62,2,-75,4,-76,3,-68
1,-63,2,-75,4,-75,3,-68
1,-63,2,-75,4,-75,3,-68
1,-64,2,-75,4,-74,3,-68
1,-64,2,-74,4,-74,3,-68
1,-64,2,-74,4,-73,3,-68
1,-65,2,-74,4,-73,3,-68
1,-64,2,-74,4,-73,3,-69
1,-64,2,-75,4,-73,3,-69
1,-64,2,-74,4,-75,3,-70
1,-64,2,-74,4,-75,3,-72
1,-65,2,-74,4,-75,3,-72
1,-65,2,-74,4,-75,3,-72
1,-65,2,-74,4,-75,3,-72
1,-65,2,-74,4,-75,3,-72
1,-66,2,-74,4,-75,3,-71
1,-66,2,-74,4,-77,3,-71
1,-66,2,-74,4,-77,3,-71
1,-67,2,-74,4,-76,3,-71
1,-67,2,-74,4,-75,3,-72
1,-69,2,-74,4,-75,3,-72
1,-69,2,-74,4,-75,3,-72
1,-69,2,-75,4,-75,3,-72
1,-69,2,-75,4,-75,3,-72
1,-69,2,-75,4,-75,3,-71
1,-70,2,-76,4,-75,3,-71
1,-70,2,-76,4,-75,3,-71
1,-70,2,-76,4,-74,3,-71
1,-69,2,-76,4,-75,3,-71
1,-68,2,-76,4,-76,3,-71
1,-67,2,-77,4,-77,3,-71
1,-66,2,-77,4,-76,3,-71
1,-67,2,-77,4,-76,3,-72
1,-67,2,-77,4,-75,3,-72
1,-67,2,-77,4,-75,3,-72
1,-67,2,-77,4,-75,3,-72
1,-67,2,-77,4,-76,3,-72
1,-67,2,-75,4,-76,3,-72
1,-67,2,-75,4,-77,3,-70
1,-67,2,-74,4,-77,3,-70
1,-67,2,-74,4,-77,3,-69
1,-69,2,-74,4,-77,3,-69
1,-69,2,-74,4,-77,3,-69
1,-69,2,-74,4,-76,3,-68
1,-68,2,-75,4,-75,3,-68
1,-67,2,-75,4,-75,3,-68
1,-66,2,-75,4,-74,3,-68
1,-66,2,-76,4,-74,3,-68
1,-65,2,-76,4,-74,3,-68
1,-67,2,-77,4,-72,3,-70
1,-67,2,-77,4,-72,3,-70
1,-67,2,-76,4,-72,3,-70
1,-67,2,-76,4,-73,3,-70
1,-67,2,-75,4,-74,3,-70
1,-68,2,-74,4,-74,3,-70
1,-68,2,-74,4,-75,3,-70
1,-68,2,-74,4,-75,3,-70
1,-68,2,-75,4,-75,3,-71
1,-68,2,-74,4,-75,3,-71
1,-68,2,-74,4,-75,3,-71
1,-68,2,-74,4,-75,3,-71
1,-67,2,-74,4,-74,3,-71
1,-67,2,-74,4,-73,3,-71
1,-69,2,-74,4,-71,3,-71
1,-69,2,-74,4,-71,3,-73
1,-69,2,-74,4,-71,3,-72
1,-69,2,-74,4,-71,3,-72
1,-69,2,-73,4,-73,3,-71
1,-70,2,-73,4,-74,3,-69
1,-69,2,-73,4,-76,3,-69
1,-68,2,-74,4,-75,3,-68
1,-68,2,-74,4,-75,3,-68
1,-69,2,-75,4,-75,3,-70
1,-71,2,-75,4,-75,3,-70
1,-71,2,-75,4,-75,3,-72
1,-71,2,-75,4,-75,3,-72
1,-70,2,-74,4,-76,3,-72
1,-70,2,-74,4,-76,3,-71
1,-69,2,-74,4,-75,3,-71
1,-68,2,-74,4,-77,3,-70
1,-66,2,-75,4,-80,3,-69
1,-65,2,-76,4,-80,3,-69
1,-64,2,-78,4,-79,3,-69
1,-64,2,-78,4,-76,3,-68
1,-65,2,-80,4,-74,3,-68
1,-69,2,-80,4,-73,3,-68
1,-68,2,-79,4,-73,3,-69
1,-67,2,-77,4,-72,3,-69
1,-67,2,-76,4,-71,3,-69
1,-67,2,-76,4,-71,3,-70
1,-68,2,-74,4,-71,3,-69
1,-68,2,-74,4,-71,3,-69
1,-68,2,-74,4,-71,3,-70
1,-68,2,-74,4,-72,3,-70
1,-68,2,-74,4,-72,3,-70
1,-67,2,-74,4,-72,3,-69
1,-67,2,-74,4,-72,3,-68
1,-67,2,-74,4,-72,3,-68
1,-67,2,-74,4,-72,3,-69
1,-65,2,-80,4,-73,3,-71
1,-66,2,-79,4,-72,3,-71
1,-67,2,-79,4,-72,3,-71
1,-68,2,-76,4,-72,3,-72
1,-70,2,-75,4,-73,3,-72
1,-70,2,-75,4,-78,3,-72
1,-72,2,-75,4,-81,3,-72
1,-72,2,-75,4,-81,3,-72
1,-74,2,-76,4,-81,3,-72
1,-74,2,-76,4,-81,3,-71
1,-74,2,-77,4,-80,3,-71
1,-76,2,-76,4,-79,3,-71
1,-75,2,-76,4,-80,3,-72
1,-75,2,-76,4,-79,3,-72
1,-75,2,-75,4,-80,3,-72
1,-76,2,-75,4,-80,3,-72
1,-76,2,-74,4,-80,3,-72
1,-76,2,-74,4,-79,3,-72
1,-77,2,-74,4,-79,3,-72
1,-76,2,-73,4,-79,3,-71
1,-76,2,-74,4,-79,3,-70
1,-76,2,-74,4,-80,3,-70
1,-78,2,-75,4,-83,3,-69
1,-77,2,-75,4,-86,3,-69
1,-77,2,-74,4,-86,3,-69
1,-78,2,-74,4,-88,3,-69
1,-79,2,-74,4,-88,3,-69
1,-80,2,-74,4,-87,3,-69
1,-80,2,-74,4,-84,3,-70
1,-80,2,-74,4,-80,3,-70
1,-78,2,-74,4,-80,3,-70
1,-78,2,-74,4,-77,3,-70
1,-80,2,-74,4,-76,3,-70
1,-79,2,-74,4,-75,3,-71
1,-78,2,-74,4,-74,3,-71
1,-77,2,-74,4,-74,3,-71
1,-77,2,-73,4,-73,3,-70
1,-77,2,-73,4,-73,3,-70
1,-77,2,-73,4,-74,3,-70
1,-77,2,-74,4,-74,3,-68
1,-77,2,-74,4,-76,3,-68
1,-76,2,-74,4,-81,3,-68
1,-76,2,-74,4,-82,3,-68
1,-76,2,-74,4,-79,3,-68
1,-76,2,-74,4,-78,3,-68
1,-76,2,-74,4,-76,3,-68
1,-75,2,-74,4,-76,3,-68
1,-75,2,-74,4,-78,3,-68
1,-75,2,-75,4,-80,3,-68
1,-76,2,-75,4,-80,3,-68
1,-70,2,-77,4,-75,3,-72
1,-70,2,-76,4,-74,3,-72
1,-70,2,-75,4,-74,3,-72
1,-70,2,-75,4,-74,3,-72
1,-70,2,-74,4,-74,3,-72
1,-70,2,-74,4,-73,3,-72
1,-70,2,-74,4,-72,3,-72
1,-70,2,-74,4,-71,3,-72
1,-70,2,-74,4,-72,3,-72
1,-70,2,-74,4,-71,3,-71
1,-69,2,-74,4,-71,3,-70
1,-71,2,-74,4,-72,3,-70
1,-71,2,-74,4,-72,3,-70
1,-70,2,-74,4,-73,3,-70
1,-70,2,-74,4,-72,3,-70
1,-71,2,-74,4,-72,3,-70
1,-72,2,-75,4,-73,3,-70
1,-70,2,-76,4,-73,3,-70
1,-70,2,-76,4,-73,3,-70
1,-70,2,-76,4,-73,3,-70
1,-70,2,-76,4,-73,3,-70
1,-70,2,-76,4,-73,3,-70
1,-71,2,-76,4,-73,3,-70
1,-72,2,-77,4,-73,3,-70
1,-72,2,-76,4,-73,3,-70
1,-71,2,-77,4,-73,3,-70
1,-71,2,-77,4,-72,3,-70
1,-71,2,-76,4,-72,3,-72
1,-71,2,-76,4,-72,3,-73
1,-71,2,-76,4,-73,3,-73
1,-71,2,-76,4,-72,3,-73
1,-72,2,-76,4,-72,3,-72
1,-72,2,-76,4,-72,3,-72
1,-73,2,-76,4,-72,3,-72
1,-72,2,-76,4,-73,3,-72
1,-72,2,-75,4,-73,3,-72
1,-72,2,-75,4,-73,3,-72
1,-72,2,-75,4,-74,3,-73
1,-72,2,-75,4,-74,3,-72
1,-72,2,-75,4,-73,3,-72
1,-72,2,-75,4,-73,3,-71
1,-71,2,-75,4,-73,3,-71
1,-71,2,-75,4,-73,3,-71
1,-71,2,-75,4,-73,3,-71
1,-71,2,-75,4,-73,3,-71
1,-71,2,-75,4,-72,3,-70
1,-70,2,-75,4,-72,3,-71
1,-69,2,-75,4,-72,3,-70
1,-69,2,-75,4,-72,3,-70
1,-70,2,-75,4,-73,3,-70
1,-65,2,-80,4,-74,3,-71
1,-66,2,-79,4,-74,3,-71
1,-66,2,-79,4,-74,3,-71
1,-65,2,-79,4,-74,3,-71
1,-64,2,-79,4,-74,3,-71
1,-64,2,-79,4,-75,3,-71
1,-64,2,-79,4,-76,3,-71
1,-65,2,-79,4,-76,3,-72
1,-65,2,-79,4,-76,3,-73
1,-65,2,-79,4,-76,3,-74
1,-64,2,-79,4,-76,3,-74
1,-64,2,-78,4,-76,3,-74
1,-65,2,-78,4,-76,3,-76
1,-64,2,-78,4,-76,3,-78
1,-64,2,-79,4,-76,3,-77
1,-65,2,-79,4,-77,3,-77
1,-65,2,-79,4,-77,3,-76
1,-64,2,-79,4,-76,3,-74
1,-64,2,-79,4,-76,3,-72
1,-64,2,-79,4,-75,3,-69
1,-64,2,-79,4,-75,3,-69
1,-64,2,-79,4,-75,3,-68
1,-64,2,-79,4,-75,3,-67
1,-65,2,-79,4,-75,3,-67
1,-65,2,-79,4,-75,3,-66
1,-64,2,-79,4,-75,3,-66
1,-64,2,-78,4,-74,3,-66
1,-65,2,-78,4,-74,3,-65
1,-65,2,-78,4,-73,3,-63
1,-66,2,-78,4,-73,3,-62
1,-66,2,-78,4,-73,3,-61
1,-66,2,-78,4,-73,3,-61
1,-66,2,-78,4,-73,3,-61
1,-66,2,-78,4,-73,3,-61
1,-66,2,-78,4,-73,3,-61
1,-66,2,-78,4,-74,3,-61
1,-67,2,-79,4,-74,3,-63
1,-68,2,-79,4,-74,3,-63
1,-69,2,-79,4,-74,3,-64
1,-69,2,-79,4,-74,3,-63
1,-69,2,-79,4,-74,3,-63
1,-69,2,-79,4,-74,3,-63
1,-69,2,-79,4,-74,3,-64
1,-68,2,-79,4,-74,3,-63
1,-67,2,-81,4,-74,3,-62
1,-66,2,-84,4,-74,3,-62
1,-66,2,-84,4,-73,3,-62
1,-66,2,-84,4,-73,3,-62
1,-66,2,-84,4,-73,3,-61
1,-66,2,-83,4,-74,3,-61
1,-67,2,-80,4,-75,3,-61
1,-67,2,-79,4,-75,3,-62
1,-67,2,-78,4,-76,3,-62
1,-66,2,-76,4,-76,3,-64
1,-66,2,-75,4,-76,3,-63
1,-65,2,-75,4,-76,3,-62
1,-65,2,-75,4,-76,3,-62
1,-65,2,-75,4,-75,3,-62
1,-65,2,-75,4,-74,3,-63
1,-64,2,-77,4,-73,3,-64
1,-65,2,-77,4,-73,3,-64
1,-64,2,-77,4,-73,3,-64
1,-64,2,-77,4,-74,3,-63
1,-65,2,-77,4,-74,3,-63
1,-65,2,-77,4,-74,3,-61
1,-66,2,-77,4,-74,3,-61
1,-66,2,-77,4,-74,3,-60
1,-66,2,-77,4,-74,3,-60
1,-66,2,-77,4,-74,3,-60
1,-66,2,-77,4,-74,3,-61
1,-66,2,-78,4,-74,3,-61
1,-66,2,-78,4,-74,3,-61
1,-65,2,-78,4,-73,3,-61
1,-65,2,-79,4,-73,3,-62
1,-66,2,-79,4,-73,3,-62
1,-66,2,-79,4,-73,3,-62
1,-67,2,-79,4,-73,3,-62
1,-67,2,-79,4,-74,3,-64
1,-67,2,-79,4,-74,3,-63
1,-67,2,-78,4,-74,3,-63
1,-67,2,-78,4,-74,3,-63
1,-65,2,-78,4,-74,3,-62
1,-66,2,-78,4,-76,3,-62
1,-65,2,-78,4,-75,3,-61
1,-65,2,-79,4,-74,3,-61
1,-66,2,-80,4,-74,3,-61
1,-66,2,-80,4,-74,3,-61
1,-66,2,-80,4,-73,3,-61
1,-66,2,-80,4,-73,3,-61
1,-66,2,-79,4,-73,3,-60
1,-66,2,-79,4,-73,3,-60
1,-66,2,-79,4,-74,3,-61
1,-65,2,-79,4,-74,3,-61
1,-65,2,-77,4,-73,3,-61
1,-65,2,-77,4,-72,3,-61
1,-65,2,-77,4,-72,3,-61
1,-66,2,-78,4,-72,3,-61
1,-65,2,-78,4,-72,3,-60
1,-65,2,-78,4,-72,3,-60
1,-66,2,-78,4,-72,3,-60
1,-67,2,-78,4,-75,3,-62
1,-68,2,-76,4,-75,3,-62
1,-68,2,-76,4,-74,3,-62
1,-68,2,-76,4,-74,3,-62
1,-68,2,-76,4,-73,3,-61
1,-67,2,-76,4,-73,3,-62
1,-67,2,-75,4,-72,3,-62
1,-69,2,-75,4,-72,3,-60
1,-69,2,-75,4,-72,3,-61
1,-69,2,-76,4,-71,3,-61
1,-68,2,-76,4,-72,3,-61
1,-68,2,-76,4,-72,3,-61
1,-68,2,-76,4,-72,3,-61
1,-68,2,-77,4,-72,3,-61
1,-68,2,-77,4,-72,3,-61
1,-68,2,-77,4,-71,3,-62
1,-68,2,-77,4,-71,3,-63
1,-67,2,-76,4,-71,3,-64
1,-67,2,-76,4,-71,3,-64
1,-67,2,-76,4,-72,3,-64
1,-68,2,-76,4,-72,3,-65
1,-68,2,-76,4,-72,3,-63
1,-69,2,-76,4,-72,3,-63
1,-68,2,-75,4,-72,3,-63
1,-68,2,-76,4,-73,3,-63
1,-68,2,-76,4,-73,3,-64
1,-67,2,-76,4,-73,3,-65
1,-66,2,-75,4,-73,3,-65
1,-66,2,-75,4,-73,3,-65
1,-66,2,-76,4,-73,3,-65
1,-66,2,-76,4,-73,3,-65
1,-66,2,-76,4,-73,3,-65
1,-66,2,-76,4,-73,3,-65
1,-66,2,-76,4,-73,3,-65
1,-66,2,-75,4,-73,3,-65
1,-66,2,-76,4,-73,3,-65
1,-66,2,-77,4,-73,3,-65
1,-66,2,-78,4,-72,3,-66
1,-66,2,-78,4,-72,3,-66
1,-66,2,-78,4,-73,3,-67
1,-66,2,-78,4,-73,3,-67
1,-66,2,-78,4,-73,3,-66
1,-66,2,-78,4,-73,3,-65
1,-66,2,-78,4,-73,3,-64
1,-66,2,-79,4,-73,3,-63
1,-66,2,-78,4,-73,3,-63
1,-67,2,-79,4,-75,3,-61
1,-68,2,-79,4,-77,3,-62
1,-69,2,-79,4,-77,3,-63
1,-70,2,-79,4,-77,3,-61
1,-69,2,-78,4,-77,3,-67
1,-69,2,-77,4,-77,3,-67
1,-69,2,-76,4,-75,3,-67
1,-68,2,-75,4,-75,3,-67
1,-68,2,-75,4,-75,3,-67
1,-68,2,-75,4,-74,3,-67
1,-68,2,-76,4,-73,3,-66
1,-67,2,-76,4,-72,3,-66
1,-66,2,-76,4,-72,3,-66
1,-67,2,-76,4,-72,3,-66
1,-67,2,-76,4,-73,3,-67
1,-67,2,-76,4,-73,3,-68
1,-67,2,-76,4,-73,3,-68
1,-67,2,-76,4,-74,3,-68
1,-67,2,-76,4,-74,3,-68
1,-66,2,-76,4,-74,3,-69
1,-67,2,-77,4,-75,3,-69
1,-67,2,-77,4,-75,3,-69
1,-67,2,-77,4,-74,3,-69
1,-68,2,-77,4,-73,3,-68
1,-68,2,-77,4,-73,3,-68
1,-69,2,-79,4,-73,3,-68
1,-69,2,-79,4,-73,3,-67
1,-69,2,-79,4,-73,3,-67
1,-68,2,-79,4,-73,3,-66
1,-67,2,-79,4,-73,3,-66
1,-67,2,-78,4,-74,3,-66
1,-67,2,-78,4,-74,3,-66
1,-67,2,-77,4,-75,3,-65
1,-67,2,-76,4,-75,3,-65
1,-67,2,-76,4,-76,3,-65
1,-67,2,-77,4,-75,3,-65
1,-66,2,-77,4,-75,3,-65
1,-66,2,-77,4,-75,3,-65
1,-67,2,-77,4,-76,3,-65
1,-67,2,-77,4,-76,3,-66
1,-67,2,-79,4,-76,3,-66
1,-68,2,-79,4,-76,3,-67
1,-67,2,-79,4,-75,3,-68
1,-67,2,-79,4,-76,3,-68
1,-67,2,-79,4,-75,3,-69
1,-67,2,-79,4,-74,3,-69
1,-67,2,-79,4,-74,3,-68
1,-67,2,-79,4,-73,3,-68
1,-70,2,-79,4,-73,3,-67
1,-70,2,-80,4,-73,3,-67
1,-70,2,-80,4,-73,3,-67
1,-69,2,-80,4,-73,3,-67
1,-69,2,-79,4,-73,3,-67
1,-69,2,-79,4,-73,3,-67
1,-64,2,-79,4,-73,3,-66
1,-64,2,-78,4,-72,3,-65
1,-64,2,-77,4,-72,3,-66
1,-64,2,-77,4,-72,3,-66
1,-64,2,-76,4,-72,3,-67
1,-64,2,-75,4,-73,3,-67
1,-64,2,-74,4,-72,3,-67
1,-64,2,-74,4,-72,3,-67
1,-64,2,-74,4,-72,3,-67
1,-64,2,-73,4,-71,3,-67
1,-64,2,-73,4,-72,3,-67
1,-64,2,-73,4,-71,3,-67
1,-64,2,-73,4,-71,3,-67
1,-64,2,-74,4,-72,3,-66
1,-64,2,-74,4,-72,3,-66
1,-64,2,-75,4,-72,3,-66
1,-64,2,-75,4,-73,3,-66
1,-64,2,-75,4,-72,3,-66
1,-65,2,-75,4,-72,3,-66
1,-64,2,-75,4,-72,3,-66
1,-64,2,-74,4,-71,3,-66
1,-64,2,-74,4,-71,3,-66
1,-64,2,-74,4,-71,3,-66
1,-64,2,-75,4,-72,3,-66
1,-65,2,-75,4,-71,3,-66
1,-65,2,-74,4,-71,3,-67
1,-65,2,-74,4,-71,3,-68
1,-66,2,-74,4,-71,3,-69
1,-66,2,-74,4,-71,3,-69
1,-66,2,-74,4,-72,3,-69
1,-66,2,-74,4,-72,3,-69
1,-66,2,-74,4,-72,3,-69
1,-66,2,-74,4,-72,3,-69
1,-67,2,-74,4,-72,3,-69
1,-67,2,-74,4,-72,3,-69
1,-67,2,-74,4,-71,3,-69
1,-68,2,-74,4,-71,3,-68
1,-68,2,-75,4,-71,3,-67
1,-68,2,-74,4,-71,3,-67
1,-67,2,-74,4,-71,3,-67
1,-68,2,-74,4,-71,3,-67
1,-68,2,-73,4,-71,3,-68
1,-66,2,-73,4,-72,3,-68
1,-66,2,-74,4,-72,3,-67
1,-66,2,-74,4,-72,3,-68
1,-66,2,-74,4,-73,3,-68
1,-67,2,-74,4,-73,3,-67
1,-66,2,-74,4,-73,3,-67
1,-66,2,-74,4,-73,3,-67
1,-66,2,-73,4,-73,3,-67
1,-68,2,-78,4,-74,3,-71
1,-67,2,-77,4,-73,3,-71
1,-67,2,-78,4,-73,3,-70
1,-67,2,-78,4,-73,3,-70
1,-67,2,-78,4,-73,3,-70
1,-67,2,-77,4,-74,3,-70
1,-67,2,-77,4,-75,3,-70
1,-67,2,-75,4,-74,3,-72
1,-67,2,-76,4,-73,3,-73
1,-67,2,-76,4,-73,3,-73
1,-67,2,-75,4,-73,3,-73
1,-67,2,-75,4,-72,3,-74
1,-68,2,-75,4,-72,3,-74
1,-68,2,-75,4,-71,3,-74
1,-68,2,-75,4,-71,3,-74
1,-68,2,-75,4,-70,3,-73
1,-68,2,-75,4,-70,3,-73
1,-67,2,-74,4,-70,3,-73
1,-68,2,-75,4,-70,3,-72
1,-68,2,-75,4,-70,3,-72
1,-68,2,-74,4,-70,3,-71
1,-67,2,-74,4,-72,3,-70
1,-68,2,-74,4,-73,3,-69
1,-67,2,-74,4,-74,3,-69
1,-67,2,-74,4,-74,3,-69
1,-68,2,-75,4,-74,3,-69
1,-68,2,-75,4,-74,3,-69
1,-68,2,-74,4,-73,3,-68
1,-68,2,-74,4,-73,3,-68
1,-69,2,-75,4,-72,3,-68
1,-70,2,-74,4,-73,3,-68
1,-70,2,-74,4,-73,3,-70
1,-70,2,-74,4,-73,3,-70
1,-69,2,-74,4,-74,3,-70
1,-69,2,-75,4,-74,3,-70
1,-69,2,-75,4,-74,3,-71
1,-69,2,-75,4,-74,3,-71
1,-69,2,-74,4,-74,3,-71
1,-69,2,-74,4,-74,3,-71
1,-69,2,-75,4,-74,3,-70
1,-69,2,-75,4,-74,3,-70
1,-69,2,-75,4,-74,3,-70
1,-68,2,-76,4,-74,3,-70
1,-67,2,-76,4,-74,3,-70
1,-68,2,-76,4,-74,3,-70
1,-68,2,-76,4,-74,3,-70
1,-68,2,-76,4,-73,3,-69
1,-67,2,-76,4,-73,3,-68
1,-67,2,-75,4,-73,3,-68
1,-68,2,-75,4,-72,3,-67
1,-68,2,-77,4,-69,3,-69
1,-68,2,-77,4,-69,3,-69
1,-68,2,-77,4,-69,3,-69
1,-67,2,-76,4,-69,3,-69
1,-67,2,-75,4,-70,3,-69
1,-68,2,-75,4,-70,3,-69
1,-68,2,-74,4,-70,3,-69
1,-68,2,-74,4,-69,3,-68
1,-68,2,-74,4,-70,3,-68
1,-69,2,-74,4,-72,3,-69
1,-70,2,-74,4,-73,3,-69
1,-70,2,-74,4,-75,3,-71
1,-71,2,-74,4,-74,3,-71
1,-71,2,-74,4,-72,3,-70
1,-71,2,-74,4,-71,3,-70
1,-71,2,-74,4,-70,3,-70
1,-72,2,-75,4,-69,3,-70
1,-72,2,-74,4,-69,3,-70
1,-72,2,-75,4,-70,3,-70
1,-72,2,-75,4,-70,3,-69
1,-72,2,-74,4,-70,3,-69
1,-72,2,-74,4,-70,3,-69
1,-72,2,-74,4,-70,3,-69
1,-71,2,-76,4,-70,3,-69
1,-71,2,-76,4,-70,3,-69
1,-71,2,-76,4,-70,3,-69
1,-70,2,-77,4,-70,3,-69
1,-69,2,-76,4,-70,3,-69
1,-69,2,-76,4,-70,3,-69
1,-69,2,-76,4,-70,3,-69
1,-70,2,-76,4,-70,3,-70
1,-70,2,-76,4,-69,3,-70
1,-69,2,-76,4,-69,3,-71
1,-71,2,-76,4,-69,3,-71
1,-71,2,-76,4,-69,3,-71
1,-72,2,-76,4,-69,3,-71
1,-72,2,-76,4,-70,3,-70
1,-73,2,-76,4,-71,3,-70
1,-73,2,-76,4,-71,3,-70
1,-73,2,-75,4,-71,3,-69
1,-72,2,-75,4,-70,3,-69
1,-72,2,-75,4,-70,3,-69
1,-72,2,-75,4,-70,3,-69
1,-72,2,-76,4,-69,3,-70
1,-72,2,-76,4,-69,3,-70
1,-72,2,-76,4,-69,3,-70
1,-72,2,-76,4,-69,3,-69
1,-72,2,-77,4,-70,3,-69
1,-72,2,-76,4,-70,3,-69
1,-72,2,-77,4,-70,3,-68
1,-71,2,-76,4,-74,3,-73
1,-71,2,-75,4,-74,3,-72
1,-71,2,-74,4,-74,3,-72
1,-70,2,-74,4,-75,3,-73
1,-70,2,-74,4,-75,3,-71
1,-70,2,-74,4,-78,3,-71
1,-70,2,-75,4,-83,3,-71
1,-70,2,-75,4,-82,3,-71
1,-70,2,-75,4,-81,3,-71
1,-70,2,-74,4,-80,3,-70
1,-70,2,-74,4,-78,3,-70
1,-70,2,-75,4,-77,3,-70
1,-70,2,-75,4,-76,3,-71
1,-70,2,-74,4,-75,3,-70
1,-70,2,-74,4,-75,3,-70
1,-70,2,-74,4,-76,3,-70
1,-70,2,-75,4,-76,3,-70
1,-70,2,-75,4,-76,3,-70
1,-70,2,-75,4,-76,3,-70
1,-70,2,-75,4,-76,3,-71
1,-70,2,-75,4,-76,3,-71
1,-70,2,-75,4,-76,3,-71
1,-70,2,-75,4,-76,3,-72
1,-70,2,-75,4,-76,3,-71
1,-69,2,-75,4,-76,3,-71
1,-68,2,-75,4,-76,3,-71
1,-68,2,-75,4,-76,3,-71
1,-68,2,-75,4,-76,3,-70
1,-68,2,-75,4,-76,3,-69
1,-68,2,-75,4,-76,3,-69
1,-69,2,-75,4,-75,3,-69
1,-69,2,-75,4,-76,3,-69
1,-69,2,-75,4,-75,3,-68
1,-69,2,-75,4,-75,3,-68
1,-69,2,-75,4,-75,3,-68
1,-69,2,-75,4,-75,3,-68
1,-69,2,-75,4,-75,3,-68
1,-69,2,-75,4,-75,3,-68
1,-69,2,-75,4,-75,3,-68
1,-69,2,-75,4,-75,3,-68
1,-69,2,-75,4,-75,3,-68
1,-69,2,-75,4,-76,3,-68
1,-69,2,-75,4,-77,3,-68
1,-69,2,-74,4,-79,3,-68
1,-69,2,-74,4,-80,3,-68
1,-69,2,-74,4,-81,3,-68
1,-70,2,-75,4,-81,3,-68
1,-70,2,-75,4,-79,3,-67
1,-70,2,-75,4,-79,3,-67
1,-70,2,-76,4,-79,3,-67
